1	北京市第八十五中学	1	1			
2	北京市第二十七中学	1	1			
3	北京市第一六六中学	1	1			
4	北京市第一二五中学	1	1			
5	北京市第二十四中学	1	1			
6	北京市第一七七中学	1	1			
7	北京市第六十五中学	1	1			
8	北京市第一六三中学	1	1			
9	北京市第五十四中学	1	1			
10	北京市交道口中学	1	1			
11	北京市第一二六中学	1	1			
12	北京市第一九五中学	1	1			
13	北京市第一六五中学	1	1			
14	北京市第二十二中学	1	1			
15	北京市东直门中学	1	1			
16	北京市第二十五中学	1	1			
17	北京市第一中学	1	1			
18	北京市第二十一中学	1	1			
19	北京市东城区师范学校	1	1			
20	北京市第五中学	1	1			
21	北京市第二中学	1	1			
22	北京燕山石油化工公司北师大燕化附中	1	1			
23	北京市新中街中学	1	1			
24	北京市第六十一中学	1	1			
25	北京市景山学校	1	1			
26	北京市和平里中学	1	1			
27	北京市一二八中学	1	1			
28	北京市第一四二中学	1	1			
29	北京市第五十五中学	1	1			
30	北京市第一九六中学	1	1			
31	中央工艺美术学院附属中学	1	1			
32	北京市第一四三中学	1	1			
33	北京市第七十九中学	1	1			
34	北京市第一七一中学	1	1			
35	北京市一六四中学	1	1			
36	北京市地安门中学	1	1			
37	北京市第一九０中学	1	1			
38	北京市东城区职工中学	1	1			
39	北京市分司厅中学（北京市商贸外语职业学校）	1	1			
40	北京市第三中学	2	1			
41	北京师范大学附属实验中学	2	1			
42	北京市第九十八中学	2	1			
43	北京市裕中中学	2	1			
44	北京铁路分局北京铁路职工子弟第三中学	2	1			
45	北京市第三十三中学	2	1			
46	北京市第五十六中学	2	1			
47	北京市第二十九中学	2	1			
48	北京市丰盛中学	2	1			
49	北京市第一五六中学	2	1			
50	北京市第四十四中学	2	1			
51	北京市第一五四中学	2	1			
52	北京市第八中学	2	1			
53	北京市安德路中学	2	1			
54	北京市第三十五中学	2	1			
55	北京铁路分局北京铁路职工子弟第二中学	2	1			
56	北京市月坛中学	2	1			
57	北京市第三十八中学	2	1			
58	北京市第三十一中学	2	1			
59	北京市第二一四中学	2	1			
60	北京启蒙学校	2	1			
61	北京市第四十二中学	2	1			
62	北京市鲁迅中学	2	1			
63	北京市第三十九中学	2	1			
64	北京市第七中学	2	1			
65	北京市第一六一中学	2	1			
66	北京市第七十七中学	2	1			
67	北京市西城区外国语学校	2	1			
68	北京市北海中学	2	1			
69	北京市第四十一中学	2	1			
70	北京市西四中学	2	1			
71	北京市新街口中学	2	1			
72	北京市第一三二中学	2	1			
73	北京市第二十八中学	2	1			
74	北京市第三十四中学	2	1			
75	北京市第三十七中学（电子职业中学）	2	1			
76	北京市第四十中学职高	2	1			
77	北京市第三十中学	2	1			
78	北京市第四十六中学	2	1			
79	北京市第五十三中学	2	1			
80	北京市第一○六中学	2	1			
81	北京市第一五七中学	2	1			
82	北京市第一一○中学	2	1			
83	北京市第一一二中学	2	1			
84	北京市第一一一中学	2	1			
85	北京市西城区第一五九中学	2	1			
86	北京市前门中学	3	1			
87	北京市龙潭中学	3	1			
88	北京市第九十六中学	3	1			
89	北京市第一零九中学	3	1			
90	北京市广渠门中学	3	1			
91	北京市第五十九中学	3	1			
92	北京市第二零九中学	3	1			
93	北京市崇文门中学	3	1			
94	北京市天坛中学	3	1			
95	北京市崇文实验中学	3	1			
96	北京市第一一六中学	3	1			
97	北京汇文中学	3	1			
98	北京市第五十中学	3	1			
99	北京市第九十二中学	3	1			
100	北京市第九十中学	3	1			
101	北京市第一一四中学	3	1			
102	北京教学植物园	3	1			
103	北京二二三中学	3	1			
104	北京市第二一０中学	3	1			
105	北京市第一零四中学	3	1			
106	北京市永定门学校	3	1			
107	北京市第一七六中学	3	1			
108	北京市计划统计学校	3	1			
109	北京市第一三三中学	4	1			
110	北京市第一四八中学	4	1			
111	北京市回民学校	4	1			
112	北京市第一三四中学	4	1			
113	北京市第九十五中学	4	1			
114	北京市第一三九中学	4	1			
115	北京市第五十一中学	4	1			
116	北京市第六十六中学	4	1			
117	北京市第一八一中学	4	1			
118	北京市梁家园中学	4	1			
119	北京市第一四六中学	4	1			
120	北京市前门西街中学	4	1			
121	北京市育才学校	4	1			
122	北京市第一三八中学	4	1			
123	北京市第六十二中学	4	1			
124	北京市南菜园中学	4	1			
125	北京市广安中学	4	1			
126	北京市第七十八中学	4	1			
127	北京市第一四零中学	4	1			
128	北京第二零四中学	4	1			
129	北京市第四十三中学	4	1			
130	北京市北纬路中学	4	1			
131	北京市第八十八中学	4	1			
132	北京市和平门中学	4	1			
133	北京市第一八二中学	4	1			
134	北京市第一三六中学	4	1			
135	北京市第六十中学	4	1			
136	北京市第五十八中学	4	1			
137	北京师范大学附属中学	4	1			
138	北京市师范学院分院附属中学	4	1			
139	北京市双桥中学	5	1			
140	北京市定福庄中学	5	1			
141	北京市安贞里中学	5	1			
142	北京市草场地中学	5	1			
143	北京市酒仙桥第二中学	5	1			
144	北京市崔各庄中学	5	1			
145	北京市洼里中学	5	1			
146	北京市左家庄中学	5	1			
147	北京市关东店中学	5	1			
148	北京市柳芳里中学	5	1			
149	北京市松榆里中学	5	1			
150	北京市安慧北里中学	5	1			
151	北京市垡头中学	5	1			
152	北京市豆各庄中学	5	1			
153	中国旅游学院附属中学	5	1			
154	北京市枣营中学	5	1			
155	北京市华严里中学	5	1			
156	北京市团结湖第三中学	5	1			
157	北京市白家庄中学	5	1			
158	北京市樱花园中学	5	1			
159	北京市八里庄第三中学	5	1			
160	北京市体育场路中学	5	1			
161	北京市将台路中学	5	1			
162	北京市五路居第一中学	5	1			
163	北京市大望路中学	5	1			
164	北京市北苑中学	5	1			
165	北京市团结湖第二中学	5	1			
166	北京市建国里中学	5	1			
167	北京市第一三零中学	5	1			
168	北京市新源里中学	5	1			
169	北京市首都机场中学	5	1			
170	北京市酒仙桥第一中学	5	1			
171	北京市第十六中学	5	1			
172	北京市安苑北里中学	5	1			
173	北京市劲松第二中学	5	1			
174	北京工业大学附属中学	5	1			
175	对外经济贸易大学附属中学	5	1			
176	北京市光华路中学	5	1			
177	北京市水碓子中学	5	1			
178	北京市十八里店中学	5	1			
179	北京经济学院附属中学	5	1			
180	北京联合大学机械械程学院附属中学	5	1			
181	北京市第一一九中学	5	1			
182	北京市第七十一中学	5	1			
183	北京市高家园中学	5	1			
184	北京市黑庄户中学	5	1			
185	北京市陈经伦中学	5	1			
186	北京市第四十八中学	5	1			
187	朝阳区劲松第三中学	5	1			
188	北京市奶子房中学	5	1			
189	北京市团结湖中学	5	1			
190	北京市大山子中学	5	1			
191	北京市南磨房中学	5	1			
192	北京市第八十一中学	5	1			
193	北京市杨闸中学	5	1			
194	北京市酒仙桥第三中学	5	1			
195	北京市同中学	5	1			
196	北京市高碑店中学	5	1			
197	北京市星火中学	5	1			
198	北京市管庄第二中学	5	1			
199	北京市第八十二中学	5	1			
200	北京市垡头第二中学	5	1			
201	北京市大山子第二中学	5	1			
202	北京市延静里中学	5	1			
203	北京市慈云寺中学	5	1			
204	北京市八里庄第二中学	5	1			
205	北京市十里堡中学	5	1			
206	北京市求实中学	5	1			
207	北京市惠新里中学	5	1			
208	北京市和平街第二中学	5	1			
209	北京市朝英中学	5	1			
210	北京市新源里第三中学	5	1			
211	北京市幸福村中学	5	1			
212	北京市农业广播电视学校	5	1			
213	北京市广播电视中等专业学校	5	1			
214	北京市私立君宜中学	5	1			
215	北京市第六十四中学	5	1			
216	北京市太平桥中学	6	1			
217	北京市丰台区左安门中学	6	1			
218	北京市丰台区长辛店第三中学	6	1			
219	北京市丰台区右安门第三中学	6	1			
220	北京市丰台第七中学	6	1			
221	北京市丰台区角门中学	6	1			
222	北京市丰台第八中学	6	1			
223	首都医科大学附属中学	6	1			
224	北京市丰台区郭公庄中学	6	1			
225	北京市丰台区王佐中学	6	1			
226	北京市丰台区看丹中学	6	1			
227	北京市第十八中学	6	1			
228	北京市丰台区三营门中学	6	1			
229	北京市丰台区丰台路中学	6	1			
230	北京市丰台区长辛店第一中学	6	1			
231	北京市丰台区长辛店第二中学	6	1			
232	北京市丰台区三路居中学	6	1			
233	北京市丰台区南苑中学	6	1			
234	北京市芳星园中学	6	1			
235	北京市丰台区丰台第六中学	6	1			
236	北京市丰台区丰台第一中学	6	1			
237	北京市丰台区右安门第二中学	6	1			
238	北京市丰台区南顶中学	6	1			
239	北京市丰台区木樨园中学	6	1			
240	北京市丰台区东高地第三中学	6	1			
241	北京市丰台区大灰厂中学	6	1			
242	北京市东铁匠营第二中学	6	1			
243	北京市丰台区东高地第二中学	6	1			
244	北京市丰台区东高地第四中学	6	1			
245	北京市丰台区丰台第四中学	6	1			
246	北京市丰台区东高地第一中学	6	1			
247	北京市丰台区卢沟桥中学	6	1			
248	北京市丰台区黄土岗中学	6	1			
249	北京市丰台区槐树岭中学	6	1			
250	北京市丰台区六里桥中学	6	1			
251	北京市丰台区云岗第二中学	6	1			
252	北京市丰台区蒲黄榆第一中学	6	1			
253	北京市丰台区云岗第三中学	6	1			
254	北京市丰台区第五中学	6	1			
255	北京市丰台区魏各庄中学	6	1			
256	北京市丰台区小屯中学	6	1			
257	北京市丰台区王庄中学	6	1			
258	北京市丰台区建中学校	6	1			
259	北京市大红门中学	6	1			
260	北京市蒲黄榆学校	6	1			
261	北京市西罗园学校	6	1			
262	北京市洋桥学校	6	1			
263	北京市永乐第二中学	7	1			
264	北京市金顶山中学	7	1			
265	北京市西井中学	7	1			
266	北京市金顶街第二中学	7	1			
267	北京市老山中学	7	1			
268	北京市古城中学	7	1			
269	北京市高井中学	7	1			
270	北京市古城第四中学	7	1			
271	北京市永乐中学	7	1			
272	北京市石景山区实验中学	7	1			
273	北京市杨庄中学	7	1			
274	北京市石景山区石景山中学	7	1			
275	北京市八角中学	7	1			
276	北京市第九中学	7	1			
277	北京市古城第五中学	7	1			
278	北京市京源中学	7	1			
279	北京市石景山区五里坨中学	7	1			
280	首钢总公司子弟学校	7	1			
281	北京市双榆树第二中学	8	1			
282	中国人民大学附属中学	8	1			
283	北京医学院附属中学	8	1			
284	北京市第四十五中学	8	1			
285	北京市育英学校	8	1			
286	北京市科兴实验中学	8	1			
287	北京市清河中学	8	1			
288	北京市育鸿学校	8	1			
289	北京市清河第三中学	8	1			
290	北京市学院路中学	8	1			
291	北京市上庄第二中学	8	1			
292	北京市万泉河中学	8	1			
293	北京钢铁学院附属中学	8	1			
294	北京铁路分局北京铁路职工子弟第五中学	8	1			
295	北京市第二十中学	8	1			
296	北京石油学院附属中学	8	1			
297	北京市第四十七中学	8	1			
298	北京市十一学校	8	1			
299	北京大学附属中学	8	1			
300	北京市立新学校	8	1			
301	北京市苏家坨中学	8	1			
302	北京农业大学附属中学	8	1			
303	北京市第一零五中学	8	1			
304	北京市永丰中学	8	1			
305	北京铁路分局北京铁路职工子弟第六中学	8	1			
306	清华附中	8	1			
307	北京市建华实验学校	8	1			
308	北京市青塔院中学	8	1			
309	北京市向群学校	8	1			
310	北京市文慧园中学	8	1			
311	北京市双榆树中学	8	1			
312	中国科技大学附属中学	8	1			
313	北京市第一二三中学	8	1			
314	北京市第二零六中学	8	1			
315	北京市第九十九中学	8	1			
316	北京市西山中学	8	1			
317	北京市温泉中学	8	1			
318	北京市卫国中学	8	1			
319	北京市明光中学	8	1			
320	北京市清河第二中学	8	1			
321	北京市西颐中学	8	1			
322	北京市门头沟区色树坟中学	9	1			
323	北京市门头沟区潭柘寺中学	9	1			
324	北京市门头沟区雁翅中学	9	1			
325	北京市育园中学	9	1			
326	北京市门头沟区育新学校	9	1			
327	北京市门头沟区西辛房中学	9	1			
328	北京市门头沟区坡头中学	9	1			
329	北京市门头沟区清水中学	9	1			
330	北京市门头沟区永定中学	9	1			
331	北京市门头沟区三家店中学	9	1			
332	北京市门头沟区斋堂中学	9	1			
333	北京市门头沟区新桥路中学	9	1			
334	北京市门头沟区陇驾庄中学	9	1			
335	北京市门头沟区军庄中学	9	1			
336	北京市门头沟区琉理渠中学	9	1			
337	北京市门头沟区七棵树中学	9	1			
338	北京市门头沟区龙门中学	9	1			
339	北京市门头沟区圈门中学	9	1			
340	北京市门头沟区城子中学	9	1			
341	北京市门头沟区军响中学	9	1			
342	北京市门头沟区唐家地中学	9	1			
343	北京市门头沟区大台中学	9	1			
344	房山区北正中学	10	1			
345	房山区长阳中学	10	1			
346	房山区良乡中学	10	1			
347	北京电力设备总厂电业中学	10	1			
348	北京市房山区中院中学	10	1			
349	佛子庄乡佛子庄中学	10	1			
350	房山区蒲洼乡中学	10	1			
351	良乡第三中学	10	1			
352	良乡第二中学	10	1			
353	房山区坨里镇上万中学	10	1			
354	房山区河北镇磁家务中学	10	1			
355	房山区张坊镇第二中学	10	1			
356	房山区大安山中学	10	1			
357	房山区南窖中学	10	1			
358	房山区佛子庄班各庄中学	10	1			
359	房山区长操中学	10	1			
360	房山区史家营中学	10	1			
361	房山区霞云岭中学	10	1			
362	房山区十渡中学	10	1			
363	房山区张坊中学	10	1			
364	房山区下滩中学	10	1			
365	房山区石窝中学	10	1			
366	房山区岳各庄中学	10	1			
367	房山区韩村河中学	10	1			
368	房山区窑上中学	10	1			
369	房山区豆店中学	10	1			
370	房山区李庄中学	10	1			
371	房山区北洛中学	10	1			
372	房山区晨曦中学	10	1			
373	房山区南梨园中学	10	1			
374	房山区葫芦垡中学	10	1			
375	房山区常乐寺中学官道中学	10	1			
376	房山区豆各庄中学	10	1			
377	房山区夏村中学	10	1			
378	房山区石楼中学	10	1			
379	房山区第四中学	10	1			
380	房山第二中学	10	1			
381	房山三中	10	1			
382	房山区燕山向阳中学	10	1			
383	周口店黄山店中学	10	1			
384	周口店地区西庄中学	10	1			
385	周口店第二中学	10	1			
386	北京燕山前进中学	10	1			
387	北京市燕山羊耳峪中学	10	1			
388	北京燕山东炼中学	10	1			
389	燕山星城中学	10	1			
390	燕山东风中学	10	1			
391	燕山迎风中学	10	1			
392	南召中学	10	1			
393	北京通县南刘中学	11	1			
394	北京通县大东各庄中学	11	1			
395	北京通县玉桥中学	11	1			
396	北京通县梨园中学	11	1			
397	北京通县台湖中学	11	1			
398	北京通县姚村中学	11	1			
399	北京市通县马驹桥中学	11	1			
400	北京通县里二泗中学	11	1			
401	通县张家湾中学	11	1			
402	北京市通县大杜社中学	11	1			
403	北京通县陆辛庄中学	11	1			
404	北京通县牛堡屯中学	11	1			
405	北京通县于家务民族中学	11	1			
406	北京市通县渠头中学	11	1			
407	北京通县小务中学	11	1			
408	北京通县柴厂屯中学	11	1			
409	北京通县侯黄庄中学	11	1			
410	北京通县觅子店中学	11	1			
411	北京通县郭县中学	11	1			
412	北京通县小豆各庄中学	11	1			
413	北京通县郎府中学	11	1			
414	北京通县肖林中学	11	1			
415	北京通县胡各庄中学	11	1			
416	北京通县草寺中学北京	11	1			
417	通县师姑庄中学	11	1			
418	北京通县瞿里中学	11	1			
419	北京通县宋庄中学	11	1			
420	通县新华学校	11	1			
421	北京通县北苑学校	11	1			
422	北京通县北关中学	11	1			
423	北京通县第六中学	11	1			
424	北京通县第三中学	11	1			
425	北京通县龙旺庄中学	11	1			
426	北京通县次渠中学	11	1			
427	通县西集中学	11	1			
428	通县运河中学	11	1			
429	北京通县第二中学	11	1			
430	北京市通县潞河中学	11	1			
431	顺义县杨镇一中	12	1			
432	顺义县杨镇第二中学	12	1			
433	顺义县李遂中学	12	1			
434	顺义县后沙峪中学	12	1			
435	顺义县十里堡中学	12	1			
436	顺义县张喜庄中学	12	1			
437	顺义县高丽营中学	12	1			
438	顺义县北石槽中学	12	1			
439	顺义县板桥中学	12	1			
440	顺义县赵全营中学	12	1			
441	顺义县龙湾屯中学	12	1			
442	顺义县马坡中学	12	1			
443	顺义县李家桥中学	12	1			
444	顺义县第五中学	12	1			
445	顺义县第八中学	12	1			
446	顺义县木林中学	12	1			
447	顺义县李各庄中学	12	1			
448	顺义县仇家店中学	12	1			
449	顺义县马辛庄中学	12	1			
450	顺义县北小营中学	12	1			
451	顺义县尹家府中学	12	1			
452	顺义县大孙各庄中学	12	1			
453	顺义县赵各庄中学	12	1			
454	北京市顺义县张各庄中学	12	1			
455	顺义县沙岭中学	12	1			
456	顺义县小店中学	12	1			
457	顺义县南彩中学	12	1			
458	顺义县平各庄中学	12	1			
459	顺义县沿河中学	12	1			
460	顺义县天竺中学	12	1			
461	昌平县红冶中学	13	1			
462	昌平县第四中学	13	1			
463	昌平县第三中学	13	1			
464	昌平县第五中学	13	1			
465	昌平县北七家中学	13	1			
466	昌平县百善中学	13	1			
467	北京昌平县长陵中学	13	1			
468	昌平县黑山寨中学	13	1			
469	昌平县南口农场中学	13	1			
470	昌平县南邵中学	13	1			
471	昌平县上苑中学	13	1			
472	昌平县平西府中学	13	1			
473	昌平县燕丹中学	13	1			
474	昌平县满井中学	13	1			
475	昌平县大东流中学	13	1			
476	昌平县陈庄中学	13	1			
477	昌平县兴寿中学	13	1			
478	昌平县高崖口中学	13	1			
479	昌平县北小营中学	13	1			
480	昌平县马池口中学	13	1			
481	昌平县中滩中学	13	1			
482	昌平县流村中学	13	1			
483	昌平县老峪沟中学	13	1			
484	昌平县回龙观中学	13	1			
485	昌平县崔村中学	13	1			
486	昌平县下庄中学	13	1			
487	昌平县桃洼中学	13	1			
488	史各庄中学	13	1			
489	十三陵中学	13	1			
490	北京南口机车车辆机械工厂职工子弟中学	13	1			
491	大兴县垡上中学	14	1			
492	大兴县四海中学	14	1			
493	大兴县安定镇第二中学	14	1			
494	大兴县黄村第三中学	14	1			
495	大兴县辛店中学	14	1			
496	大兴县朱庄中学	14	1			
497	大兴县芦城中学	14	1			
498	大兴县定福庄中学	14	1			
499	大兴县大辛庄中学	14	1			
500	大兴县狼垡中学	14	1			
501	大兴县长子营中学	14	1			
502	北京市大兴县庞各庄中学	14	1			
503	大兴县榆垡中学	14	1			
504	大兴县礼贤二中	14	1			
505	大兴县凤河营中学	14	1			
506	大兴县履磕中学	14	1			
507	大兴县半壁店中学	14	1			
508	大兴县郭家务中学	14	1			
509	大兴县北藏村中学	14	1			
510	大兴县北顿垡中学	14	1			
511	大兴县安定中学	14	1			
512	北京市大兴县孝义营中学	14	1			
513	北京市大兴县青云店中学	14	1			
514	大兴县大皮营中学	14	1			
515	大兴县黄村第五中学	14	1			
516	大兴县黄村六中	14	1			
517	大兴县金星中学	14	1			
518	大兴县鹿圈中学	14	1			
519	北京市大兴县西红门中学	14	1			
520	大兴县红星中学	14	1			
521	孙村中学	14	1			
522	北京市英才学校	14	1			
523	大兴县采育中学	14	1			
524	大兴县魏善庄中学	14	1			
525	北京大兴县太合中学	14	1			
526	大兴县旧宫中学	14	1			
527	大兴县亦庄中学	14	1			
528	大兴县德茂中学	14	1			
529	怀柔县九渡河中学	15	1			
530	怀柔县第五中学	15	1			
531	怀柔县张各长中学	15	1			
532	怀柔县琉璃庙乡琉璃庙中学	15	1			
533	怀柔县喇叭沟门满族乡中学	15	1			
534	北京市怀柔县七道河乡中学	15	1			
535	怀柔县碾子乡中学北京市	15	1			
536	怀柔县沙峪乡沙峪中学	15	1			
537	崎峰茶乡崎峰茶中学	15	1			
538	怀柔县桥梓镇桥梓中学	15	1			
539	怀柔县汤河口镇汤河口中学	15	1			
540	怀柔县杨宋镇中学	15	1			
541	北京市怀柔县北房镇驸马庄中学	15	1			
542	怀柔县雁栖镇中学	15	1			
543	北京铁路分局怀北铁路职工子弟中学	15	1			
544	北京市怀柔县北宅中学	15	1			
545	怀柔县郭家坞中学	15	1			
546	怀柔县八道河中心学校	15	1			
547	北京市怀柔县长哨营中学	15	1			
548	北京市怀柔县三渡河三渡河中学	15	1			
549	怀柔县黄花城中学	15	1			
550	宝山寺中学	15	1			
551	北京市怀柔县第四中学	15	1			
552	北京市怀柔县教师进修学校	15	1			
553	怀柔县龙各庄中学	15	1			
554	平谷县峪口中学	16	1			
555	平谷县东高村中学	16	1			
556	平谷县大华山中学	16	1			
557	平谷县熊尔寨中学	16	1			
558	平谷县南独乐河中学	16	1			
559	平谷县杨桥中学	16	1			
560	平谷县马坊中学	16	1			
561	平谷县第四中学	16	1			
562	平谷县山东庄中学	16	1			
563	平谷县第五中学	16	1			
564	平谷县张各庄中学	16	1			
565	平谷县靠山集中学	16	1			
566	平谷县韩庄中学	16	1			
567	北京市平谷县第二中学	16	1			
568	平谷县刘家店中学	16	1			
569	平谷县夏各庄联办中学	16	1			
570	平谷县黄松峪中学	16	1			
571	平谷县大兴庄中学	16	1			
572	平谷县西柏店联办中学	16	1			
573	平谷县镇罗营中学	16	1			
574	平谷县马昌营中学	16	1			
575	平谷南独乐河镇望马台联办中学	16	1			
576	平谷县门楼庄中学	16	1			
577	平谷杏园中学	16	1			
578	平谷县刘家河联办中学	16	1			
579	平谷县英城中学	16	1			
580	平谷县后北宫中学	16	1			
581	密云县东庄禾中学	17	1			
582	密云县新城子中学	17	1			
583	密云县西康各庄中学	17	1			
584	密云县上甸子中学	17	1			
585	密云县塘子中学	17	1			
586	密云县第五中学	17	1			
587	密云县番字牌中学	17	1			
588	密云县第三中学	17	1			
589	密云焦家坞中学	17	1			
590	北京密云县北庄中学	17	1			
591	密云县白龙潭中学	17	1			
592	密云县石匣中学	17	1			
593	密云县高岭中学十里堡镇中学	17	1			
594	密云县十里堡镇统军庄中学	17	1			
595	北京市密云县北白岩中学	17	1			
596	密云县兵马营中学	17	1			
597	密云县疃里中学	17	1			
598	密云县署地中学	17	1			
599	密云县曹家路中学	17	1			
600	密云县台上中学	17	1			
601	密云县陈各庄中学	17	1			
602	密云县程各庄中学	17	1			
603	北京市密云县墙子路中学	17	1			
604	新农村中学北京市	17	1			
605	密云县水库中学	17	1			
606	密云县桑园中学	17	1			
607	密云县冯家峪中学	17	1			
608	密云河峪里中学	17	1			
609	密云石城中学	17	1			
610	延庆县康庄中学	18	1			
611	延庆县黑汉岭中学	18	1			
612	延庆县张山营中学	18	1			
613	延庆县永宁中学	18	1			
614	延庆县八达岭中学	18	1			
615	延庆县西屯中学	18	1			
616	延庆县下屯中学	18	1			
617	延庆县沈家营中学	18	1			
618	延庆沙梁子中学	18	1			
619	延庆县太平庄中学	19	1			
620	延庆县大榆树中学	19	1			
621	延庆县旧县中学	19	1			
622	延庆县花盆中学	19	1			
623	延庆县大柏老中学	19	1			
624	延庆县姚家营中学	19	1			
625	延庆县香营中学	19	1			
626	延庆千家店中学	19	1			
627	延庆县新华民族中学	19	1			
628	北京市延庆县刘斌堡中学	19	1			
629	延庆县靳家堡中学	19	1			
630	延庆县赵庄中学	19	1			
631	延庆县大庄科中学	19	1			
632	北京市延庆县清泉铺乡中学	19	1			
633	延庆县二道河中学红旗甸中学	19	1			
634	延庆县小川中学	19	1			
635	珍珠泉中学	19	1			
636	延庆四海中学	19	1			
637	延庆县井家庄中学	19	1			
638	延庆县延庆中学	19	1			
639	上海市南洋模范初级中学	19	1			
640	上海市第六十七中学	19	1			
641	上海市第六中学	19	1			
642	上海市浦光中学	19	1			
643	上海市求知中学	19	1			
644	上海市多稼中学	19	1			
645	上海市井冈中学	19	1			
646	上海市市南中学	19	1			
647	上海市尚文中学	19	1			
648	上海市民办清新中学	19	1			
649	上海市民办锦绣园中学	19	1			
650	上海市南洋模范中学	19	1			
651	上海市第六十二中学	19	1			
652	上海市储能中学	19	1			
653	上海市格致初级中学	19	1			
654	上海市光明中学	19	1			
655	上海市南洋中学	19	1			
656	上海外国语大学附属大境中学	19	1			
657	上海市求是中学	20	1			
658	上海市第八中学	20	1			
659	上海市林荫中学	20	1			
660	上海市蓬莱中学	20	1			
661	上海市格致中学	20	1			
662	上海市敬业中学	20	1			
663	上海市中原中学	20	1			
664	上海市民办明珠中学	20	1			
665	上海市第九学校	20	1			
666	上海市井岗中学分校	20	1			
667	上海市上外民办劲松中学	20	1			
668	上海市尚文学校	20	1			
669	上海市民办申江中学	20	1			
670	上海市第十中学	20	1			
671	上海市储能中学一分校	20	1			
672	上海市民办东元高级中学	20	1			
673	上海市民办新黄浦实验学校	20	1			
674	上海市豫园中学	20	1			
675	上海市浦南业余中学	20	1			
676	应昌期围棋学校	20	1			
677	上海市第十二中学	20	1			
678	上海市第一女子初级中学	20	1			
679	上海市李惠利中学	20	1			
680	上海市陕西中学	20	1			
681	上海市建庆中学	20	1			
682	上海市民办五爱中学	20	1			
683	上海市长乐学校	20	1			
684	上海市永明中学	20	1			
685	上海市位育初级中学	20	1			
686	上海市卢湾中学	20	1			
687	上海市启秀实验中学	20	1			
688	上海市第二医科大学附属中学	20	1			
689	上海市向锋中学	20	1			
690	上海市永兴高级中学	20	1			
691	上海市东风学校	20	1			
692	上海市五爱高级中学	20	1			
693	上海市兴业中学	20	1			
694	上海市中山学校	21	1			
695	上海市位育中学	21	1			
696	上海市比乐中学	21	1			
697	上海市清华学校	21	1			
698	上海市永业中学	21	1			
699	上海市炎培高级中学	21	1			
700	上海市向明中学	21	1			
701	上海东风学校	21	1			
702	上海卢湾区棕榈进修学校	21	1			
703	上海市长乐中学	21	1			
704	上海市震旦外国语中学	21	1			
705	上海市卢湾区永明中学	21	1			
706	上海市卢湾区向锋中学	21	1			
707	上海市三好中学	21	1			
708	上海市卢湾区李惠利中学	21	1			
709	上海市卢湾区陕西中学	21	1			
710	上海卢湾区卢浦进修学校	21	1			
711	上海卢湾中学	21	1			
712	上海永业中学	21	1			
713	重庆中学	21	1			
714	上海市第二初级中学	21	1			
715	上海师范大学第三附属中学	21	1			
716	华东理工大学附属中学	21	1			
717	上海市南洋初级中学	21	1			
718	上海市第五十四中学	21	1			
719	上海市宜山中学	21	1			
720	上海市淮海中学	21	1			
721	上海市第四中学	21	1			
722	上海市番禺中学	21	1			
723	上海市枫林中学	21	1			
724	上海市南郊中学	21	1			
725	上海市零陵中学	21	1			
726	上海市民办西南高级中学	21	1			
727	上海市西南模范中学	21	1			
728	上海市民办华锐中学	21	1			
729	上海市龙苑中学	21	1			
730	上海市长桥中学	21	1			
731	上海市民办华育中学	21	1			
732	华东师范大学第二附属中学	21	1			
733	上海市梅园中学	21	1			
734	上海市第二中学	21	1			
735	上海市黎明中学	21	1			
736	上海市田林第三中学	21	1			
737	上海市紫竹园中学	21	1			
738	上海市民办成才中学	21	1			
739	上海市中国中学	21	1			
740	上海市宛平中学	21	1			
741	上海市田林中学	21	1			
742	上海市樱花中学	21	1			
743	上海市上海中学	22	1			
744	上海市西南位育中学（国商附中）	22	1			
745	上海市凯旋中学	22	1			
746	上海市第五十九中学	22	1			
747	上海师范大学附属中学	22	1			
748	上海市民办邦德第四高级中学	22	1			
749	上海市西南位育中学	22	1			
750	上海市沪闵中学	22	1			
751	上海中学国际部	22	1			
752	上海市育诚高级中学	22	1			
753	上海市民办中大高级中学	22	1			
754	上海市世界外国语中学	22	1			
755	上海市宛南中学	22	1			
756	上海市龙山中学	22	1			
757	上海市民办汇南高级中学	22	1			
758	上海市汾洋中学	22	1			
759	上海市长桥第二中学	22	1			
760	上海市漕新中学	22	1			
761	上海市兴华中学(上海市兴华职业技术学校)	22	1			
762	上海市力进学校	22	1			
763	上海市天山中学玉屏分校	22	1			
764	上海市开元中学	22	1			
765	上海市天山第二中学	22	1			
766	上海市仙霞第二中学	22	1			
767	上海市仙霞高级中学	22	1			
768	上海市长宁中学	22	1			
769	上海市徐汇中学	22	1			
770	上海市第三女子中学附属学校	22	1			
771	上海市长宁第二中学	22	1			
772	上海市华阳学校	22	1			
773	上海市紫荆第二中学	22	1			
774	上海市紫荆中学	22	1			
775	上海市第三女子中学	22	1			
776	上海市民办新虹桥中学	22	1			
777	上海市民办新世纪中学	22	1			
778	上海市虹桥中学	22	1			
779	上海市新泾中学	22	1			
780	上海市西延安中学	22	1			
781	上海市新光中学	22	1			
782	上海市泸定中学	22	1			
783	上海市娄山中学	22	1			
784	上海市新虹桥高级中学	22	1			
785	上海市第三女子初级中学	22	1			
786	上海市延安初级中学	22	1			
787	上海市天山初级中学	22	1			
788	上海市天山中学	22	1			
789	上海市定西中学	23	1			
790	上海市徐汇区教师进修学院附属实验中学	23	1			
791	上海市延安中学	23	1			
792	上海市省吾中学	23	1			
793	上海市复旦初级中学	23	1			
794	上海市长宁区教育学院附属中学	23	1			
795	上海市新古北中学	23	1			
796	上海市东延安中学	23	1			
797	上海市新世纪中学高中部	23	1			
798	天山中学玉屏分校	23	1			
799	上海市建青实验学校长虹分校	23	1			
800	上海市姚连生中学	23	1			
801	上海长宁中学分部	23	1			
802	上海市虹桥机场学校	23	1			
803	上海开元中学	23	1			
804	上海市新泾学校	23	1			
805	上海市古北第二中学	23	1			
806	上海市复旦中学长新分校	23	1			
807	上海市古北中学	23	1			
808	上海市武夷中学	23	1			
809	上海市培明中学	23	1			
810	上海市时代中学	23	1			
811	上海市五四中学	23	1			
812	上海市华东模范中学	23	1			
813	上海市第一中学	23	1			
814	民办上海上外静安外国语中学	23	1			
815	上海市育才初级中学	23	1			
816	上海市市西中学	23	1			
817	上海市民立中学	23	1			
818	上海市培进中学	24	1			
819	上海市建承中学	24	1			
820	逸夫职业技术学校华山分部	24	1			
821	上海市市西初级中学分校	24	1			
822	上海市第一中学分部	24	1			
823	上海市西初级中学	24	1			
824	上海市七一中学分部	24	1			
825	上海市爱国中学	24	1			
826	上海市市西初级中学二分部	24	1			
827	上海市七一中学	24	1			
828	上海市静安区教育学院附属学院	24	1			
829	静安实验学校(分部)	24	1			
830	上海市武定中学	24	1			
831	上海市武定中学西部分校	24	1			
832	上海市建青试验学校(中学部)	24	1			
833	上海市静安区教育学院附属学校(东部)	24	1			
834	上海铁路第一中学分部	24	1			
835	上海向群中学	24	1			
836	时代中学	24	1			
837	私立永昌学校	24	1			
838	上海市桃浦中学	24	1			
839	上海市长征中学	24	1			
840	上海市民办华光高级中学	24	1			
841	上海市民办华豪高级中学	24	1			
842	上海市民办普陀前进高级中学	24	1			
843	上海市民办进华中学	24	1			
844	上海市新杨中学	24	1			
845	上海市子长学校	24	1			
846	上海市新会中学	24	1			
847	上海市光新中学	24	1			
848	上海市南海中学	24	1			
849	上海市东新中学	24	1			
850	上海市云岭实验中学	24	1			
851	上海市晋元高级中学	24	1			
852	上海市洛川学校	24	1			
853	上海市真如中学	24	1			
854	上海市曹杨第九中学	24	1			
855	上海市兴陇中学	24	1			
856	上海市建德学校	24	1			
857	上海市真光中学	24	1			
858	上海市冠龙高级中学	24	1			
859	上海市培佳双语学校	24	1			
860	上海市白玉中学	24	1			
861	上海市普陀区教育学院附属学校	24	1			
862	上海市梅陇中学	24	1			
863	上海市宜川中学附属学校	24	1			
864	上海市澄源中学	24	1			
865	上海市普雄学校	24	1			
866	上海市宜川中学	24	1			
867	上海市桐柏高级中学	24	1			
868	同济大学第二附属中学	24	1			
869	上海市甘泉外国语中学	24	1			
870	上海市曹杨中学	24	1			
871	上海市旬阳中学	24	1			
872	上海市志丹中学	24	1			
873	上海市怒江中学	24	1			
874	上海市新源中学	24	1			
875	上海市长寿中学	24	1			
876	上海市普陀区曹杨第五中学	24	1			
877	上海宜川中学	24	1			
878	上海市前锋中学	24	1			
879	上海市黄陵中学	24	1			
880	上海市甘泉中学	24	1			
881	上海市梅川中学	24	1			
882	上海市兰田中学	25	1			
883	上海桃浦中学	25	1			
884	上海市民办侨华中学	25	1			
885	上海市民办黄河高级中学	25	1			
886	上海市民办宜华中学	25	1			
887	上海市万里学校	25	1			
888	上海市普陀区南海中学	25	1			
889	上海市延河中学	25	1			
890	上海市普陀中学	25	1			
891	上海市普雄中学	25	1			
892	上海市骊山学校	25	1			
893	上海市曹杨第二中学	25	1			
894	上海常德中学	25	1			
895	上海市新杨中学分部	25	1			
896	上海市真北中学	25	1			
897	延河中学分校	25	1			
898	上海市曹安学校	25	1			
899	上海沪太中学	25	1			
900	上海兰田中学	25	1			
901	上海前锋中学	25	1			
902	上海市青云中学	25	1			
903	上海市山西中学	25	1			
904	上海市岭南中学	25	1			
905	上海市第十七中学	25	1			
906	上海市向东中学	25	1			
907	上海市闸北区实验中学	25	1			
908	上海市保德中学	25	1			
909	上海市闸北第八中学	25	1			
910	上海市市北初级中学	25	1			
911	上海市民办扬帆中学	25	1			
912	上海市久隆模范中学	25	1			
913	上海市闸北第八中学新校	25	1			
914	上海市彭浦初级中学	25	1			
915	上海市民办扬波中学	25	1			
916	上海市民办当代初级中学	25	1			
917	上海市民办青中初级中学	25	1			
918	上海市民办教苑中学	25	1			
919	上海市共康中学	25	1			
920	上海市闸北区新苑初级中学	25	1			
921	上海市民办浦华中学	25	1			
922	上海市民办普育中学	25	1			
923	上海市龙临中学	25	1			
924	上海市民办立达中学	25	1			
925	上海市市北中学	25	1			
926	上海市田林第二中学	25	1			
927	上海市彭浦第五中学	25	1			
928	上海市第六十中学	25	1			
929	上海市彭浦第四中学	25	1			
930	上海市崇明中学	25	1			
931	上海市民办新苑初级中学	25	1			
932	上海市紫阳中学	25	1			
933	上海市闸北第五中学	25	1			
934	上海市龙华中学	25	1			
935	上海市新中高级中学	25	1			
936	上海市民办圆圆外国语学校	25	1			
937	上海市田家炳中学	25	1			
938	上海市闸北第二中学	25	1			
939	上海市彭浦中学	25	1			
940	上海市共和中学、上海市共和综合高级中学	25	1			
941	上海市民办沪北高级中学	25	1			
942	上海市民办新和中学	25	1			
943	上海市民办市北高级中学	25	1			
944	上海市闸北区教育学院实验中学	25	1			
945	上海市风华中学	25	1			
946	上海市闸北区教苑中学(民办)分部	25	1			
947	上海市闸北区第八中学新校	25	1			
948	上海市闸北第三中学	25	1			
949	上海市第十七中学分部	25	1			
950	上海市鞍山中学	25	1			
951	上海共康中学	25	1			
952	上海市闸北区上法进修学校	26	1			
953	上海市恒丰中学	26	1			
954	上海市平顺学校	26	1			
955	上海市闸北区育群进修学校	26	1			
956	上海市彭浦第三中学	26	1			
957	上海北站中学	26	1			
958	上海市梅陇第二中学	26	1			
959	上海市闸北区第五中学	26	1			
960	上海大学市北附属中学	26	1			
961	上海市民办圆圆外语学校	26	1			
962	上海市共和综合高级中学	26	1			
963	安化第二中学	26	1			
964	白遗桥中学	26	1			
965	保德中学	26	1			
966	朝阳中学	26	1			
967	第六十中学	26	1			
968	临汾中学	26	1			
969	民办扬波中学	26	1			
970	平顺学校	26	1			
971	上海市长安学校	26	1			
972	上海市虹口区教育学院附属中学	26	1			
973	上海市鲁迅中学	26	1			
974	上海市广灵中学	26	1			
975	上海市韶山中学	26	1			
976	上海市凉城第二中学	26	1			
977	上海市黄山中学	26	1			
978	上海市曲阳中学	26	1			
979	上海市新沪中学	26	1			
980	上海市北虹中学	26	1			
981	上海市继光中学	26	1			
982	上海市虹口区教育学院实验中学	26	1			
983	上海市金沙中学	26	1			
984	上海市临潼中学	26	1			
985	上海市澄衷初级中学	26	1			
986	上海市第五中学	26	1			
987	上海市第五十二中学	26	1			
988	上海市虹口中学	26	1			
989	上海市延风中学	26	1			
990	上海市海南中学	26	1			
991	上海市丰镇中学	26	1			
992	上海市飞虹中学	26	1			
993	上海市粤东中学	26	1			
994	上海市复兴初级中学	26	1			
995	上海市继光初级中学	26	1			
996	上海市虹口初级中学	26	1			
997	上海市水电中学	26	1			
998	上海市洞庭中学	26	1			
999	上海市东光中学	26	1			
1000	上海市建安中学	26	1			
1001	上海市唐山中学	26	1			
1002	上海市四平中学	26	1			
1003	上海市钟山初级中学	26	1			
1004	上海市民办新北郊初级中学	26	1			
1005	上海市曲阳第二中学	26	1			
1006	上海市北郊高级中学	26	1			
1007	上海市新沪高级中学	26	1			
1008	上海市澄衷高级中学	26	1			
1009	上海市溧阳学校	26	1			
1010	上海市民办虹口新时代实验学校	26	1			
1011	上海市复兴高级中学	26	1			
1012	上海市虹口高级中学	26	1			
1013	上海市民办克勒外国语学校	26	1			
1014	上海市北郊学校	26	1			
1015	上海市新市中学	26	1			
1016	华东师范大学第一附属(初级)中学	26	1			
1017	上海外国语大学附属外国语学校	26	1			
1018	上海市江湾高级中学	26	1			
1019	上海市明德学校	26	1			
1020	上海市民办迅行中学	26	1			
1021	上海市民办瑞虹中学	26	1			
1022	上海凉城第二中学	26	1			
1023	上海市虹口区北郊业余学校	26	1			
1024	上海市虹口区东亚武术进修院	26	1			
1025	上海市钟山高级中学	26	1			
1026	上海民办汇民高级中学	26	1			
1027	上海市建江中学	27	1			
1028	上海市民办白玉兰学校	27	1			
1029	华东师范大学第一附属中学	27	1			
1030	上海市民办白玉兰高级中学	27	1			
1031	江湾初级中学	27	1			
1032	上海市澄衷中学	27	1			
1033	曲阳第二中学	27	1			
1034	曲阳中学	27	1			
1035	上海丰镇中学	27	1			
1036	上海江湾中学	27	1			
1037	上海市长青中学	27	1			
1038	上海市虹口区教育学院附中	27	1			
1039	上海市昆山中学	27	1			
1040	上海市溧阳中学	27	1			
1041	上海市钟山中学	27	1			
1042	上海市钟山中学分部	27	1			
1043	上海新市中学	27	1			
1044	韶山中学	27	1			
1045	新沪中学	27	1			
1046	粤东中学	27	1			
1047	上海民办交大飞达初级中学	27	1			
1048	上海市民办杨浦凯慧初级中学	27	1			
1049	上海民办存志初级中学	27	1			
1050	上海市宝山区高境镇第三中学	27	1			
1051	上海市鞍山初级中学	27	1			
1052	上海市平凉中学	27	1			
1053	上海市建设初级中学	27	1			
1054	上海市双阳中学	27	1			
1055	上海市铁岭中学	27	1			
1056	上海市同济初级中学	27	1			
1057	上海市少云中学	27	1			
1058	上海市杨浦初级中学	27	1			
1059	上海市长新中学	27	1			
1060	上海市世界中学	27	1			
1061	上海市民星中学	27	1			
1062	上海市控江初级中学	27	1			
1063	上海市市东初级中学	27	1			
1064	上海市国和中学	27	1			
1065	上海市教科院附属中学	27	1			
1066	上海市凉州中学	27	1			
1067	上海市包头中学	27	1			
1068	上海市惠民中学	27	1			
1069	上海市延吉第二初级中学	27	1			
1070	上海市延吉初级中学	27	1			
1071	上海市红军中学	27	1			
1072	上海市鞍山实验中学	27	1			
1073	上海市思源中学	27	1			
1074	上海市齐杨中学	27	1			
1075	上海市中原初级中学	27	1			
1076	上海民办黎鸣高级中学	27	1			
1077	上海民办社科星光高级中学	27	1			
1078	上海市体育学院附属中学	27	1			
1079	上海市五十六中学	27	1			
1080	上海民办长江中学	27	1			
1081	上海市教科院附属中学分校	27	1			
1082	上海市东辽阳中学	27	1			
1083	上海外国语大学双语学校	27	1			
1084	上海市民办东光明中学	27	1			
1085	上海民办兰生复旦中学	27	1			
1086	复旦大学附属中学	27	1			
1087	上海市同济中学	27	1			
1088	上海市十五中学	27	1			
1089	上海市控江中学	27	1			
1090	上海市辽阳中学	27	1			
1091	上海市二十五中学	27	1			
1092	上海市三门中学	27	1			
1093	上海市市东中学	27	1			
1094	上海市杨浦高级中学	27	1			
1095	上海市杨浦区教育学院附属学校	27	1			
1096	同济大学第一附属中学	27	1			
1097	上海市安图中学	27	1			
1098	上海市园南中学	27	1			
1099	上海市双阳第二中学	27	1			
1100	上海市复旦实验中学	27	1			
1101	上海市(民办)杨浦实验学校	27	1			
1102	上海民办五角场高级中学	27	1			
1103	上海市民办久慧高级中学	27	1			
1104	上海市民办沪东外国语学校	27	1			
1105	上海市民办兰生复旦中学	27	1			
1106	上海市民办昌华高级中学	27	1			
1107	上海民办沪东外国语高级中学	27	1			
1108	上海市大桥中学	27	1			
1109	上海黎鸣高级中学	27	1			
1110	上海市杨浦区黄兴学校	27	1			
1111	上海市杨浦区铁岭中学	27	1			
1112	上海市民办长江中学	27	1			
1113	上海市民办育海中学	27	1			
1114	上海市建设中学	27	1			
1115	黎明高级中学	27	1			
1116	上海市民办存志中学	28	1			
1117	复旦二附中	28	1			
1118	上海市杨浦―凤城中学	28	1			
1119	杨浦科教进修学校	28	1			
1120	上海市建设初级中学分部	28	1			
1121	上海市同济第二初级中学	28	1			
1122	上海市树人中学	28	1			
1123	上海市贵阳中学	28	1			
1124	上海市第二十五中学	28	1			
1125	上海市河间中学	28	1			
1126	上海市宏伟中学	28	1			
1127	上海市花木中学	28	1			
1128	上海市黄兴中学	28	1			
1129	上海市靖宇中学	28	1			
1130	上海市图们中学	28	1			
1131	上海市新榆中学	28	1			
1132	上海市杨浦区平凉中学	28	1			
1133	上海市杨州中学	28	1			
1134	上海市新中中学	28	1			
1135	少云中学	28	1			
1136	上海市龙柏中学	28	1			
1137	上海市闵行区友爱实验中学	28	1			
1138	上海市闵行区北桥中学	28	1			
1139	上海马桥强恕中学	28	1			
1140	上海市闵行区浦江第二中学	28	1			
1141	上海市闵行区浦江第三中学	28	1			
1142	上海市闵行区莘松中学	28	1			
1143	上海市闵行区七宝第二中学	28	1			
1144	上海市闵行区华漕中学	28	1			
1145	上海市航华中学	28	1			
1146	上海市闵行区梅陇中学	28	1			
1147	上海市罗阳中学	28	1			
1148	上海市闵行第二中学	28	1			
1149	上海市闵行第四中学	28	1			
1150	上海市闵行第五中学	28	1			
1151	上海市民办新闵中学	28	1			
1152	上海市闵行区浦江第一中学	28	1			
1153	上海市民办上宝中学	28	1			
1154	上海市新基础教育实验学校	28	1			
1155	上海市市西实验中学	28	1			
1156	上海市航华第二中学	28	1			
1157	上海市民办建育高级中学	28	1			
1158	上海市七宝中学	28	1			
1159	上海市民办新格中学	28	1			
1160	上海市民办马桥强恕高级中学	28	1			
1161	上海市莘格高级中学	28	1			
1162	上海市田园高级中学	28	1			
1163	上海市高兴实验学校	28	1			
1164	上海市浦江高级中学	28	1			
1165	上海市卢湾高级中学	28	1			
1166	上海市闵行第八中学	28	1			
1167	上海市复旦中学	28	1			
1168	上海市金汇高级中学	28	1			
1169	上海市民办建虹高级中学	28	1			
1170	上海市莘庄中学	28	1			
1171	上海市闵行区曹行中学	28	1			
1172	上海市民办邦德第二高级中学	28	1			
1173	上海市师资培训中心实验基地附属中学	28	1			
1174	闵行区青少年业余体育学校	28	1			
1175	上海市闵行区颛桥中学	28	1			
1176	上海市闵行中学	28	1			
1177	上海市闵行第三中学	28	1			
1178	上海交通大学附属中学	28	1			
1179	上海市闵行区上虹中学	28	1			
1180	上海市民办福苑中学	28	1			
1181	上海市文绮中学	28	1			
1182	上海闵行区诸翟学校	28	1			
1183	上海美国学校	28	1			
1184	上海市燎原实验学校	28	1			
1185	上海教育科学研究院实验中学	28	1			
1186	闵行区杜行中学	28	1			
1187	上海市卢湾区高兴学校	29	1			
1188	闵行区友爱实验中学	29	1			
1189	上海市民办文来中学	29	1			
1190	上海西郊民办高级中学	29	1			
1191	闵行区题桥中学	29	1			
1192	上海市闵行区纪王中学	29	1			
1193	上海市闵行区民办信宏中学	29	1			
1194	上海民办燎原高级中学	29	1			
1195	闵行区陈行中学	29	1			
1196	上海市古美中学	29	1			
1197	上海市建虹高级中学	29	1			
1198	上海市吴泾中学	29	1			
1199	上海交通大学附属实验学校	29	1			
1200	上海市闵行区鲁汇中学	29	1			
1201	闵行区杜行中学(分部)	29	1			
1202	陈行镇题桥中学	29	1			
1203	闵行区紫江中学	29	1			
1204	上海闵行区陈行中学	29	1			
1205	上海市闵行区杜行中学	29	1			
1206	闵行区塘湾中学	29	1			
1207	上海市长兴中学	29	1			
1208	上海市海滨第二中学	29	1			
1209	上海市肖泾中学	29	1			
1210	上海市存瑞中学	29	1			
1211	上海市盛桥中学	29	1			
1212	上海市宝林中学	29	1			
1213	上海市大场中学	29	1			
1214	上海市宝钢第三中学	29	1			
1215	上海市虎林中学	29	1			
1216	上海市淞谊中学	29	1			
1217	上海市育群中学	29	1			
1218	上海市回民中学	29	1			
1219	上海市行知第二中学	29	1			
1220	上海市民办风范中学	29	1			
1221	上海市民办精文中学	29	1			
1222	上海市光明初级中学	29	1			
1223	上海市永清中学	29	1			
1224	上海市泗塘第二中学	29	1			
1225	上海市宝山区求真中学	29	1			
1226	上海市大华中学	29	1			
1227	上海市高境第一中学	29	1			
1228	上海市风华初级中学	29	1			
1229	上海市行知实验中学	29	1			
1230	上海市潘石中学	29	1			
1231	上海市行知中学	29	1			
1232	上海市横沙中学	29	1			
1233	上海市呼玛中学	29	1			
1234	上海市培新中学	29	1			
1235	上海市杨行中学	29	1			
1236	上海市罗店中学	29	1			
1237	上海大学附属中学	29	1			
1238	上海市淞浦中学	29	1			
1239	上海市刘行中学	29	1			
1240	上海市通河中学	29	1			
1241	上海市宝山中学	29	1			
1242	上海市吴淞中学	29	1			
1243	上海市和衷高级中学	29	1			
1244	上海市泗塘中学	29	1			
1245	上海市罗南中学	29	1			
1246	上海市宝钢第二中学	29	1			
1247	上海市顾村中学	29	1			
1248	上海市罗泾中学	29	1			
1249	上海市丰乐中学	29	1			
1250	上海市民办日日学校	30	1			
1251	上海市民办交华中学	30	1			
1252	上海市光华高级中学	30	1			
1253	上海市民办交大―飞达中学	30	1			
1254	上海市民办行知高级中学	30	1			
1255	宝林中学	30	1			
1256	上海市同洲模范学校	30	1			
1257	金星中学	30	1			
1258	上海市元沙中学	30	1			
1259	上海市长江第二中学	30	1			
1260	上海市宝山区罗南中学	30	1			
1261	宝山区盛桥中学	30	1			
1262	上海市前卫中学	30	1			
1263	上海市海滨中学	30	1			
1264	上海市月浦中学	30	1			
1265	上海市杨北中学	30	1			
1266	上海市光明中学宝山分校	30	1			
1267	上海市吴淞第二中学	30	1			
1268	上海市和衷中学	30	1			
1269	上海市天馨学校	30	1			
1270	嘉定区南翔中学	30	1			
1271	嘉定区封浜中学	30	1			
1272	嘉定区外冈中学	30	1			
1273	嘉定区曹王中学	30	1			
1274	嘉定区娄塘中学	30	1			
1275	嘉定区徐行中学	30	1			
1276	嘉定区实验中学	30	1			
1277	嘉定区马陆中学	30	1			
1278	嘉定区方泰中学	30	1			
1279	嘉定区安亭中学	30	1			
1280	嘉定区黄渡中学	30	1			
1281	嘉定区朱家桥初级中学	30	1			
1282	嘉定区望新初级中学	30	1			
1283	上海市嘉定区江桥中学	30	1			
1284	上海市民办桃李园实验初级中学	30	1			
1285	上海市民办槎溪高级中学	30	1			
1286	嘉定区南苑中学	30	1			
1287	嘉定区华亭中学	30	1			
1288	嘉定区迎园中学	30	1			
1289	上海市民办嘉宝中学	30	1			
1290	上海市民办嘉一联合中学	30	1			
1291	上海市安师高级中学	30	1			
1292	上海市民办育英高级中学	30	1			
1293	嘉定区李园中学	30	1			
1294	上海市嘉定区第一中学	30	1			
1295	上海市嘉定区第二中学	30	1			
1296	上海市育才中学	30	1			
1297	上海市嘉定区丰庄中学	30	1			
1298	上海市嘉定区城实验学校	30	1			
1299	嘉定区南翔镇劳技教育中心	30	1			
1300	嘉定区苏民学校	30	1			
1301	上海音乐学院附属安师实验中学	30	1			
1302	嘉定区黄渡中心校	30	1			
1303	嘉定区启良中学	30	1			
1304	上海市嘉定区戬浜中学	31	1			
1305	上海市嘉定区安亭中学	31	1			
1306	上海市嘉定区鄢鞘笛檠校	31	1			
1307	上海市嘉定区封浜中学	31	1			
1308	上海市民办嘉宝高级中学	31	1			
1309	上海市嘉定区南翔中学	31	1			
1310	上海市嘉定区马陆中学	31	1			
1311	嘉定区民办希望城初级中学	31	1			
1312	上海市嘉定区苏民中学	31	1			
1313	上海市嘉定区外冈中学	31	1			
1314	上海市嘉定区徐行中学	31	1			
1315	嘉定区南翔镇怀少学校	31	1			
1316	上海市嘉定区黄渡中学	31	1			
1317	嘉定区戬浜学校	31	1			
1318	上海市嘉定区唐行九年制学校	31	1			
1319	上海市嘉定区曹王中学	31	1			
1320	上海市嘉定区望新初级中学	31	1			
1321	上海市嘉定区华亭中学	31	1			
1322	上海市嘉定区启良中学	31	1			
1323	上海市嘉定区实验中学	31	1			
1324	上海市沪东中学	31	1			
1325	上海市凌桥中学	31	1			
1326	上海市林昌中学	31	1			
1327	上海市东林中学	31	1			
1328	上海市育人中学	31	1			
1329	上海市罗山中学	31	1			
1330	上海市浦东中学	31	1			
1331	上海市唐镇中学	31	1			
1332	上海市临川中学	31	1			
1333	上海市合庆中学	31	1			
1334	上海市东沟中学	31	1			
1335	上海市高桥中学西校	31	1			
1336	上海市德州中学	31	1			
1337	上海市黄楼中学	31	1			
1338	上海市清流中学	31	1			
1339	上海市灵山中学	31	1			
1340	上海市竹园中学	31	1			
1341	上海市震旦中学	31	1			
1342	上海市浦南中学	31	1			
1343	上海市顾路中学	31	1			
1344	上海市杨园中学	31	1			
1345	上海市浦东新区教育学院实验中学	31	1			
1346	上海市民办兴知高级中学	31	1			
1347	上海市陆行中学北校	31	1			
1348	上海市龚路中学	31	1			
1349	上海市孙桥中学	31	1			
1350	上海市建平世纪中学	31	1			
1351	上海市东昌东校	31	1			
1352	上海市历城中学	31	1			
1353	上海市理想中学	31	1			
1354	上海市施湾中学	31	1			
1355	上海市陆行中学	31	1			
1356	上海市洋泾中学南校	31	1			
1357	上海市高东中学	31	1			
1358	上海市汇文中学	31	1			
1359	上海市上川中学	31	1			
1360	上海市王港中学	31	1			
1361	上海市东南中学	31	1			
1362	上海市洪山中学	31	1			
1363	上海市香山中学	31	1			
1364	上海市致远中学	31	1			
1365	上海市民办外高桥中学	31	1			
1366	上海市进才中学	31	1			
1367	上海市江镇中学	31	1			
1368	上海市育民中学	31	1			
1369	上海市五三中学	31	1			
1370	上海市三林中学东校	31	1			
1371	上海市三林中学北校	31	1			
1372	上海市上南中学东校	31	1			
1373	上海市浦兴中学	31	1			
1374	上海市外高桥保税区中学	31	1			
1375	上海市栖山中学（上海市元培学校）	31	1			
1376	上海市浦东模范中学	31	1			
1377	上海市川沙中学南校	31	1			
1378	上海市东格致中学	31	1			
1379	上海市民办民远高级中学	31	1			
1380	上海市进才中学北校	31	1			
1381	上海市金川中学	31	1			
1382	上海市金杨中学	31	1			
1383	上海市民办常青高级中学	31	1			
1384	上海市民办东明中学	31	1			
1385	上海市民办前进高级中学	31	1			
1386	上海市文建中学	31	1			
1387	上海市洋泾中学	31	1			
1388	上海市三林中学	31	1			
1389	上海市萌芽实验中学	31	1			
1390	上海市民办育辛高级中学	31	1			
1391	上海市洋恒中学	31	1			
1392	上海市北蔡中学	31	1			
1393	上海市蔡路中学	31	1			
1394	上海市东城高级中学	31	1			
1395	华东师范大学附属东昌中学	31	1			
1396	上海市杨思中学	31	1			
1397	上海市上南中学北校	31	1			
1398	上海市振华莲溪中学	31	1			
1399	上海市川沙中学华夏西校	31	1			
1400	上海市六团中学	31	1			
1401	上海市陆洋学校	31	1			
1402	上海市贤达中学	31	1			
1403	上海市高行中学	31	1			
1404	上海市川沙中学	31	1			
1405	上海市新陆中学（上海市新陆职业技术学校）	31	1			
1406	上海市云台中学	31	1			
1407	上海市民办东方阶梯双语学校	31	1			
1408	上海市建平实验学校	31	1			
1409	华东师范大学附属东昌中学南校	31	1			
1410	上海市华林中学	31	1			
1411	上海市侨光中学	31	1			
1412	上海市建平中学	31	1			
1413	上海市振华综合高级中学（上海市振华外经职业技术学校）	31	1			
1414	上海市沪新中学	31	1			
1415	上海市新南中学	31	1			
1416	上海市浦泾中学	31	1			
1417	上海市川沙中学北校（上海市浦东新区第一少年儿童体育学校）	31	1			
1418	上海市上南中学	31	1			
1419	上海市塘桥中学（上海市塘桥职业技术学校）	31	1			
1420	上海市东陆学校	31	1			
1421	洋泾-菊园实验学校	31	1			
1422	上海市泾南中学	31	1			
1423	上海市民办牧羊神学校	31	1			
1424	上海市高桥中学	31	1			
1425	上海市民办振东高级中学	31	1			
1426	上海市新南中学分部	31	1			
1427	上海市浦东新区振华莲溪中学	31	1			
1428	上海育青中学	31	1			
1429	上海市浦东新区王港中学	31	1			
1430	上海市实验学校浦东分校	31	1			
1431	上海市沪新中学浦东分校	31	1			
1432	上海市洋泾中学东校	31	1			
1433	东昌东校	31	1			
1434	上海市民办丰华高级中学	31	1			
1435	上海旭东中学	32	1			
1436	上海由由中学	32	1			
1437	浦南中学	32	1			
1438	上海市东昌中学北校	32	1			
1439	上海市塘桥中学	32	1			
1440	上海民办东方阶梯双语学校	32	1			
1441	上海市栖山中学	32	1			
1442	上海市杨思南校	32	1			
1443	上海市杨思中学初中部	32	1			
1444	川沙中学北校(浦东第一少年儿童体育学校)	32	1			
1445	上海市绿川中学	32	1			
1446	上海市张杨中学	32	1			
1447	沪新中学陶艺馆	32	1			
1448	上海市洋恒高级中学	32	1			
1449	上海市新陆中学	32	1			
1450	沪新中学	32	1			
1451	临川中学	32	1			
1452	上海市潍坊中学	32	1			
1453	上海市育青中学	32	1			
1454	上海市张江中学	32	1			
1455	上海市吴泾第二中学	32	1			
1456	上海市罗星中学	32	1			
1457	上海市亭林中学	32	1			
1458	上海市廊下中学	32	1			
1459	上海市漕泾中学	32	1			
1460	上海市亭新中学	32	1			
1461	上海市枫泾中学	32	1			
1462	上海市钱圩中学	32	1			
1463	上海市朱行中学	32	1			
1464	上海市金卫中学	32	1			
1465	上海市松隐中学	32	1			
1466	上海市朱泾中学	32	1			
1467	上海市蒙山中学	32	1			
1468	上海市民办金中中学	32	1			
1469	上海市武宁中学	32	1			
1470	上海市张堰中学	32	1			
1471	上海市兴塔中学	32	1			
1472	上海市吕巷中学	32	1			
1473	上海市石化第四中学	32	1			
1474	上海市民办交大南洋中学	32	1			
1475	上海市张堰第二中学	32	1			
1476	上海市金山中学	32	1			
1477	华东师范大学第三附属中学	32	1			
1478	上海市山阳中学	32	1			
1479	上海师范大学第二附属中学	32	1			
1480	上海市民办金盟中学	32	1			
1481	上海市民办师大实验中学	32	1			
1482	上海市枫围中学	32	1			
1483	上海金山区张堰专修学校	32	1			
1484	上海市交大南洋中学	32	1			
1485	上海市平乐学校	32	1			
1486	上海石化第四中学	32	1			
1487	上海漕泾中学	32	1			
1488	上海市石化第五中学	32	1			
1489	枫围中学	33	1			
1490	金山县金卫查山中学	33	1			
1491	上海市石化第六中学	33	1			
1492	上海市松江县华阳桥中学	33	1			
1493	朱行中学	33	1			
1494	金山县漕泾中学	33	1			
1495	金山县枫泾中学	33	1			
1496	金山县干巷中学	33	1			
1497	金山县金卫中学	33	1			
1498	金山县廊下中学	33	1			
1499	金山县吕巷镇中学	33	1			
1500	金山县罗星中学	33	1			
1501	金山县山阳中学	33	1			
1502	金山县松隐中学	33	1			
1503	金山县亭林中学	33	1			
1504	金山县亭新中学	33	1			
1505	金山县新农学校	33	1			
1506	金山县兴塔镇中学	33	1			
1507	金山县张堰弟二中学	33	1			
1508	金山县朱泾中学	33	1			
1509	上海市松江区新桥中学	33	1			
1510	上海市松江区九亭中学	33	1			
1511	上海市松江区第四中学	33	1			
1512	上海市松江区叶榭中学	33	1			
1513	上海市松江区茸北中学	33	1			
1514	上海市松江区天马山中学	33	1			
1515	上海市松江区大港中学	33	1			
1516	上海市松江二中（集团）初级中学	33	1			
1517	上海市松江区五厍中学	33	1			
1518	上海市松江区第六中学	33	1			
1519	上海市松江区第七中学	33	1			
1520	上海市松江区民办茸一中学	33	1			
1521	上海市松江区仓桥中学	33	1			
1522	上海师范大学附属外国语中学	33	1			
1523	上海市松江区车墩中学	33	1			
1524	上海市松江区民乐学校	33	1			
1525	上海市雪野中学	33	1			
1526	上海市松江九峰实验学校	33	1			
1527	上海市松江二中	33	1			
1528	上海市松江区华阳桥中学	33	1			
1529	上海市建平中学西校	33	1			
1530	上海市松江区教师进修学院附属立达中学	33	1			
1531	上海松江区民办茸一中学	33	1			
1532	上海市松江区第五中学	33	1			
1533	上海市松江区张泽中学	33	1			
1534	上海砖桥学校	33	1			
1535	安徽为民学校	33	1			
1536	上海市松江区李塔汇学校	33	1			
1537	上海黎安中学	33	1			
1538	上海市松江区佘山中学	33	1			
1539	上海市松江区第一中学	33	1			
1540	上海市松江区古松学校	33	1			
1541	上海市松江区小昆山中学	33	1			
1542	上海市松江区第三中学	33	1			
1543	上海市松江区新浜中学	34	1			
1544	上海市松江区张泽学校	34	1			
1545	上海五三中学	34	1			
1546	松江县第七中学	34	1			
1547	松江县洞泾学校	34	1			
1548	松江县新桥中心校跃进中学	34	1			
1549	长芦普桥中学	34	1			
1550	松江县大港中学	34	1			
1551	松江县教育局车墩中学	34	1			
1552	松江县九亭中学	34	1			
1553	松江县李塔汇中学	34	1			
1554	松江县民办茸一中学	34	1			
1555	松江县茸北中学	34	1			
1556	松江县佘山中学	34	1			
1557	松江县石湖荡中学	34	1			
1558	松江县天马山中学	34	1			
1559	松江县五厍中学	34	1			
1560	松江县小昆山中学	34	1			
1561	松江县新浜中学	34	1			
1562	松江县叶榭中学	34	1			
1563	青浦区尚美中学	34	1			
1564	上海市青浦区莲盛初级中学	34	1			
1565	上海市青浦区沈巷初级中学	34	1			
1566	上海市青浦区实验中学	34	1			
1567	上海市青浦区石街中学	34	1			
1568	青浦区华新初级中学	34	1			
1569	上海师范大学附属西岑中学	34	1			
1570	上海市青浦区练塘第二中学	34	1			
1571	上海市青浦区蒸淀初级中学	34	1			
1572	上海市金陵中学	34	1			
1573	上海市青浦区综合高级中学	34	1			
1574	上海市青浦区凤溪初级中学	34	1			
1575	上海市青浦区赵屯中学	34	1			
1576	上海市青浦区重固中学	34	1			
1577	上海市青浦区第一中学	34	1			
1578	上海市青浦区朱家角中学	34	1			
1579	上海教科院豫英实验学校	34	1			
1580	上海市青浦区东湖中学	34	1			
1581	上海西译中学	34	1			
1582	上海市青浦区颜安中学	34	1			
1583	上海市和田中学	34	1			
1584	上海市吴淞第四中学	34	1			
1585	上海市青浦区崧泽学校	34	1			
1586	上海市青浦区白鹤中学	34	1			
1587	上海市古田中学	34	1			
1588	上海市青浦区珠溪中学	34	1			
1589	上海市青浦区小蒸中学	34	1			
1590	上海市青浦区华新中学	34	1			
1591	上海市青浦区东方中学	34	1			
1592	上海市青浦区徐泾初级中学	34	1			
1593	上海市青浦区香花桥初级中学	34	1			
1594	上海市青浦区尚美中学	34	1			
1595	上海市青浦区商榻中学	34	1			
1596	上海市青浦区金泽中学	34	1			
1597	上海市青浦区沈巷中学	34	1			
1598	上海市青浦区蒸淀中学	34	1			
1599	上海市民办英华中学	34	1			
1600	上海市民办童的梦中学	34	1			
1601	青浦区环城学校	34	1			
1602	青浦区商榻卫生院	34	1			
1603	青浦区朱家角中学	34	1			
1604	青浦东方中学	34	1			
1605	上海市安庆中学	34	1			
1606	青浦区大盈学校	34	1			
1607	青浦区练塘第二中学	34	1			
1608	青浦区小蒸初级中学	34	1			
1609	青浦区第二中学	34	1			
1610	上海市青浦高级中学	35	1			
1611	青浦区商榻初级中学	35	1			
1612	青浦区北崧中学	35	1			
1613	青浦区实验中学	35	1			
1614	青浦区第一中学	35	1			
1615	上海青浦区香花桥初级中学	35	1			
1616	青浦区莲盛初级中学	35	1			
1617	青浦区白鹤中学	35	1			
1618	青浦区徐泾初级中学	35	1			
1619	青浦县北崧中学	35	1			
1620	青浦县愿学学堂	35	1			
1621	上海市大通中学	35	1			
1622	青浦县白鹤中学	35	1			
1623	青浦县东湖中学	35	1			
1624	青浦县金泽中学	35	1			
1625	青浦县实验中学	35	1			
1626	青浦县万寿中学	35	1			
1627	青浦县重固中学	35	1			
1628	青浦县朱家角镇石街中学	35	1			
1629	青浦县朱家角中学	35	1			
1630	上海市南汇区青少年业余体育学校	35	1			
1631	南汇县彭镇镇初级中学	35	1			
1632	上海市南汇县书院镇初级中学	35	1			
1633	上海市南汇区新港镇初级中学	35	1			
1634	上海市南汇区大团镇初级中学	35	1			
1635	上海市南汇区周浦镇八一中学	35	1			
1636	上海市南汇区听潮中学	35	1			
1637	上海市南汇县新场中学	35	1			
1638	上海市南汇区大团中学	35	1			
1639	南汇县三灶镇初级中学	35	1			
1640	上海市南汇县坦直镇初级中学	35	1			
1641	南汇县六灶镇初级中学	35	1			
1642	上海市南汇县东海镇东海学校	35	1			
1643	上海市南汇县惠南中学	35	1			
1644	上海市南汇县黄路镇初级中学	35	1			
1645	民办上海工商外国语职业学院附属中学	35	1			
1646	上海市南汇区坦直镇初级中学	35	1			
1647	上海市南汇区康桥镇横沔初级中学	35	1			
1648	上海市南汇区吴迅中学	35	1			
1649	上海周浦高级中学	35	1			
1650	上海市南汇区新场镇石笋初级中学	35	1			
1651	上海市南汇区祝桥高级中学	35	1			
1652	上海市南汇区泥城中学	35	1			
1653	上海市南汇区惠南中学	35	1			
1654	上海市民办双翼学校	35	1			
1655	上海南汇中学	35	1			
1656	上海市南汇区新场中学	35	1			
1657	上海市南汇区实验学校	35	1			
1658	上海市南汇区盐仓镇初级中学	35	1			
1659	上海市南汇区老港中学	35	1			
1660	上海市南汇区周浦镇育才学校	35	1			
1661	上海市南汇区书院镇初级中学	35	1			
1662	上海市南汇区泥城镇彭镇学校	35	1			
1663	南汇县粮食局职工中学	35	1			
1664	南汇县大团中学	35	1			
1665	上海市民办浦发中学	35	1			
1666	上海市南汇县宣桥镇学校	35	1			
1667	上海市南汇区瓦屑镇育才学校	35	1			
1668	上海南汇区大团镇红光初级中学	35	1			
1669	南汇县老港中学	35	1			
1670	上海市南汇县芦潮港秋萍学校	35	1			
1671	南汇县万祥学校	35	1			
1672	上海市南汇区下沙中学	35	1			
1673	上海市南汇县吴迅中学	35	1			
1674	上海市南汇区第二中学	35	1			
1675	上海市南汇县祝桥高级中学	35	1			
1676	上海市芦潮港农场育华学校	35	1			
1677	南汇区周浦镇八一中学	35	1			
1678	上海市南汇县横沔镇初级中学	35	1			
1679	南汇县泥城中学	35	1			
1680	南汇县新场镇石笋初级中学	35	1			
1681	南汇区盐仓镇初级中学	35	1			
1682	周浦澧溪初级中学	36	1			
1683	上海市南汇区航头镇初级中学	36	1			
1684	上海市南汇县实验学校	36	1			
1685	南汇区大团镇海潮初级中学	36	1			
1686	南汇区三墩镇初级中学	36	1			
1687	南汇县大团红光中学	36	1			
1688	南汇县第二中学	36	1			
1689	南汇县东海学校	36	1			
1690	南汇县光明学校	36	1			
1691	南汇县惠南中学	36	1			
1692	南汇县芦潮港中学	36	1			
1693	南汇县瓦屑镇育才学校	36	1			
1694	南汇县新港中学	36	1			
1695	南汇县祝桥镇中学	36	1			
1696	上海市朝阳农场职工子第学校	36	1			
1697	上海市南汇航头中学	36	1			
1698	坦直中学	36	1			
1699	新场镇石笋中学	36	1			
1700	周浦镇八一中学	36	1			
1701	南汇县下沙中学	36	1			
1702	上海市奉贤区塘外中学	36	1			
1703	奉贤县青村中学	36	1			
1704	上海市奉贤县四团中学	36	1			
1705	上海市奉贤区钱桥中学	36	1			
1706	奉贤县奉城第二中学	36	1			
1707	上海市奉贤区致远高级中学	36	1			
1708	上海市奉贤区庄行中学	36	1			
1709	上海市奉贤区景秀高级中学	36	1			
1710	上海市奉贤区四团中学	36	1			
1711	上海市奉贤区洪庙中学	36	1			
1712	上海市奉贤区头桥中学	36	1			
1713	上海市奉贤区古华中学	36	1			
1714	上海市奉贤区实验中学	36	1			
1715	上海市奉贤区金汇中学	36	1			
1716	上海市奉贤区曙光中学	36	1			
1717	上海市奉贤区邬桥中学	36	1			
1718	上海市奉贤区青村中学	36	1			
1719	上海市奉贤区光明中学	36	1			
1720	上海市奉贤区奉城高级中学	36	1			
1721	上海市奉贤区泰日中学	36	1			
1722	上海市奉贤区平安中学	36	1			
1723	奉贤县奉城中学	36	1			
1724	上海市奉贤县育秀实验学校	36	1			
1725	上海协和实验学校	36	1			
1726	奉贤县华亭学校	36	1			
1727	上海市奉贤县曙光中学	36	1			
1728	上海市奉贤县奉贤中学	36	1			
1729	上海市奉贤县肖塘中学	36	1			
1730	奉贤县洪庙中学	36	1			
1731	上海市奉贤县古华中学	36	1			
1732	上海市奉贤县胡桥学校	36	1			
1733	奉贤区实验中学	36	1			
1734	上海市星火农场中学	36	1			
1735	上海师范大学第四附属中学	36	1			
1736	上海市奉贤县奉城第二中学	36	1			
1737	上海市奉贤县新寺中学	36	1			
1738	奉贤县邬桥中学	36	1			
1739	上海市奉贤县塘外中学	36	1			
1740	奉贤县柘林学校	36	1			
1741	上海市五四农场中学	37	1			
1742	上海市奉贤县南桥中学	37	1			
1743	上海市奉贤区平按中学	37	1			
1744	上海市奉贤县光明中学	37	1			
1745	奉贤县泰日中学	37	1			
1746	上海市奉贤县齐贤中学	37	1			
1747	上海奉贤区致远高级中学	37	1			
1748	奉贤县邵厂中学	37	1			
1749	奉贤县西渡中学	37	1			
1750	奉贤县古华中学	37	1			
1751	奉贤县光明中学	37	1			
1752	奉贤县胡桥中学	37	1			
1753	奉贤县金汇中学	37	1			
1754	奉贤县南桥中学	37	1			
1755	奉贤县平安中学	37	1			
1756	奉贤县实验中学	37	1			
1757	奉贤县四团中学	37	1			
1758	奉贤县塘外中学	37	1			
1759	奉贤县头桥中学	37	1			
1760	奉贤县庄行中学	37	1			
1761	崇明县育林中学	37	1			
1762	崇明县大同中学	37	1			
1763	崇明县绿华中学	37	1			
1764	崇明县实验中学	37	1			
1765	崇明县城东中学	37	1			
1766	崇明县新民中学	37	1			
1767	崇明县建设中学	37	1			
1768	崇明县城北中学	37	1			
1769	崇明县东门中学	37	1			
1770	崇明县登瀛中学	37	1			
1771	崇明县三乐学校	37	1			
1772	崇明县合兴中学	37	1			
1773	崇明县马桥中学	37	1			
1774	崇明县城桥中学	37	1			
1775	崇明县民一中学	37	1			
1776	崇明县扬子高级中学	37	1			
1777	崇明县新河中学	37	1
1778	上海崇明民办大通中学	37	1
1779	崇明县新光中学	37	1
1780	崇明县民本中学	37	1
1781	上海市大同中学	37	1
1782	上海崇明中华高级中学	37	1
1783	崇明县堡镇中学	37	1
1784	崇明县大公中学	37	1
1785	崇明县崇东中学	37	1
1786	崇明县裕安中学	37	1
1787	崇明县海桥中学	37	1
1788	崇明县三烈中学	37	1
1789	崇明县港西中学	37	1
1790	上海市长江中学	37	1
1791	崇明县宏达中学	37	1
1792	上海崇明县中华高级中学	37	1
1793	崇明县崇西中学	37	1
1794	崇明县向化中学	37	1
1795	上海农工商集团长征总公司教育中心	37	1
1796	崇明县裕安中心	37	1
1797	崇明县三乐中学	37	1
1798	崇明县新村九年制学校	37	1
1799	崇明县民办大通中学	37	1
1800	崇明县港沿初级中学	37	1
1801	崇明县阜康中学	37	1
1802	崇明县三星中学	37	1
1803	上海市前哨农场职工子弟学校	37	1
1804	崇明县凌云中学	37	1
1805	上海市新海农场中学	37	1
1806	崇明县西门中学	37	1
1807	崇明县新村中学	37	1
1808	上海长江农场职工子弟中学	37	1
1809	上海红星农场职工子弟中学	37	1
1810	上海市东风农场职工子弟学校	37	1
1811	上海市农工商跃进总公司职工子弟学校	37	1
1812	上海市前进农场职工子弟学校	37	1
1813	上海市新海农场新海中学	37	1
1814	天津市世纪中学	38	1
1815	天津市树人中学	38	1
1816	天津市华星中学	38	1
1817	天津市双菱中学	38	1
1818	天津市华光中学	38	1
1819	天津市振新中学	38	1
1820	天津市第二十一中学	38	1
1821	天津市第五十九中学	38	1
1822	天津市合江路中学	38	1
1823	天津市吉林路中学	38	1
1824	天津市汇文中学	38	1
1825	天津市第十七中学	38	1
1826	天津市建华中学	38	1
1827	天津市兴南中学	38	1
1828	天津市行知中学	38	1
1829	天津市和平区职工中学	38	1
1830	天津市和平区艺术中学	38	1
1831	天津市第十九中学	38	1
1832	天津市第二南开中学	38	1
1833	天津市滨江中学	38	1
1834	天津市第五十五中学	38	1
1835	天津市耀华中学	38	1
1836	天津市第九十中学	38	1
1837	天津市第十一中学	38	1
1838	天津市汉阳道中学	38	1
1839	天津市第二十中学	38	1
1840	天津市育人中学	38	1
1841	天津市第五十八中学	38	1
1842	天津市和平区教学设备站	38	1
1843	天津市第六十一中学	38	1
1844	天津市幼儿师范学校培训部	38	1
1845	天津市长征中学	38	1
1846	天津市和平区校办企业公司	38	1
1847	天津市第一中学	38	1
1848	天津市和平区校舍维修管理工作站	38	1
1849	天津市海资曼钢琴学校	38	1
1850	天津市教育局职业技术教育中心	38	1
1851	天津市第十二中学	38	1
1852	天津市和平中学	38	1
1853	津南区业余体校	38	1
1854	天津市实验中学	38	1
1855	天津市幼儿师资培训中心	38	1
1856	天津市成美中学	38	1
1857	天津市东方中学	38	1
1858	天津市立华中学	38	1
1859	天津市荣安街中学	38	1
1860	天津市十七中学	38	1
1861	天津市五十八中学	38	1
1862	天津市第三十四中学	38	1
1863	天津市二十中学	38	1
1864	天津市九十中学	38	1
1865	天津市河东区红旗中学	39	1
1866	天津市河东区新开路中学	39	1
1867	天津市河东区沙柳路中学	39	1
1868	天津市河东区天山路中学	39	1
1869	天津市博瀚中学	39	1
1870	天津市津华中学	39	1
1871	天津市风华中学	39	1
1872	天津市华英中学	39	1
1873	天津市五四中学	39	1
1874	天津市华杰中学	39	1
1875	天津市河东区会德里中学	39	1
1876	天津市河东区二号桥中学	39	1
1877	天津市第八中学	39	1
1878	天津市河东区唐口中学	39	1
1879	天津市第八十二中学	39	1
1880	天津市第八十六中学	39	1
1881	天津市河东区一号桥中学	39	1
1882	天津市河东区团结道中学	39	1
1883	天津市第九十八中学	39	1
1884	天津市河东区大桥道第二中学	39	1
1885	天津市第五十四中学	39	1
1886	天津市第三十二中学	39	1
1887	天津市第二十八中学	39	1
1888	天津市河东区元奎里中学	39	1
1889	天津市第七十五中学	39	1
1890	天津市河东区香山道中学	39	1
1891	天津市河东区盘山道中学	39	1
1892	天津市第四十五中学	39	1
1893	天津市第七中学	39	1
1894	天津市河东区嵩山道中学	39	1
1895	天津市河东区郭庄子中学	39	1
1896	天津市新越中学	39	1
1897	天津市翔东中学	39	1
1898	天津市第三十八中学	39	1
1899	天津市进取中学	39	1
1900	天津市第93中学	39	1
1901	天津市育才中学	39	1
1902	天津市正风中学	39	1
1903	天津市河东区福东中学	39	1
1904	天津市第七十二中学	39	1
1905	天津市育杰高级中学	39	1
1906	天津市河东区中山门中学	39	1
1907	天津市河东区田庄中学	39	1
1908	天津市河东区动局子中学	39	1
1909	天津市树德中学	39	1
1910	天津市华夏艺术学校	39	1
1911	天津市河东区三槐里中学	39	1
1912	天津市第一零二中学	39	1
1913	天津市河东区第九十八中学	39	1
1914	天津市王串场中学	39	1
1915	天津市河东区外国语学校	39	1
1916	河东区东海中学	39	1
1917	河东区光华中学	39	1
1918	河东区和立天华中学	39	1
1919	天津市第六中学	39	1
1920	天津市河东区东局子中学	39	1
1921	天津市河东区二号桥第一中学	39	1
1922	天津市河东区唐家口第三中学	39	1
1923	天津市河东区万辛庄中学(体育学校)	39	1
1924	天津市河东区卫国道第三中学	39	1
1925	天津市河东区中山门第三中学	39	1
1926	天津市河东新开路中学	39	1
1927	河东区新纪元中学	39	1
1928	天津市津华中学(天津市第102中学)	39	1
1929	天津市华冠中学	40	1
1930	天津市津沽实验中学	40	1
1931	天津市培杰中学	40	1
1932	天津市私立同仁女子中学	40	1
1933	天津市自立中学	40	1
1934	天津市枫林路中学	40	1
1935	天津市第四十一中学	40	1
1936	天津市第二十三中学	40	1
1937	天津市佟楼中学	40	1
1938	天津市求实中学	40	1
1939	天津市环湖中学	40	1
1940	天津市第九十七中学	40	1
1941	天津市西南楼中学	40	1
1942	天津市微山路中学	40	1
1943	天津市华宁中学	40	1
1944	天津市海河中学	40	1
1945	天津市津海中学	40	1
1946	天津市津沽高级中学	40	1
1947	天津市卓群高级中学	40	1
1948	天津市河西区双水道中学	40	1
1949	天津市第四十二中学	40	1
1950	天津市新华中学	40	1
1951	天津市南楼中学	40	1
1952	天津市幼儿教育教学研究室	40	1
1953	天津市曲江路中学	40	1
1954	天津市河西区陈塘庄中学	40	1
1955	天津市第四中学	40	1
1956	天津市第一一三中学	40	1
1957	天津市滨湖中学	40	1
1958	天津市宁波道中学	40	1
1959	天津市大沽路中学(加挂)	40	1
1960	天津市河西中学	40	1
1961	北京师范大学天津附属中学	40	1
1962	天津市第一0六中学	40	1
1963	天津市解放南路中学	40	1
1964	天津市人民公园中学	40	1
1965	天津市尖山中学	40	1
1966	天津市机械工业管理局教育培训中心	40	1
1967	天津市机电工业教育教学研究室	40	1
1968	天津市机电工业控股集团公司干部中等专业学	40	1
1969	天津市双水道中学	40	1
1970	天津市第二十七中学	40	1
1971	天津市第一零八中学	40	1
1972	天津市第一零六中学	40	1
1973	天津市第一零五中学	40	1
1974	天津市二十一世纪实验学校	40	1
1975	天津市兴国学校中学部	40	1
1976	天津市第十三中学	40	1
1977	天津市河北区职工中学	40	1
1978	天津市河西区佟楼中学	40	1
1979	天津市育贤中学	41	1
1980	天津市益中学校	41	1
1981	天津市津源中学	41	1
1982	天津市惠明中学	41	1
1983	天津市津津中学	41	1
1984	天津市南锋中学	41	1
1985	天津市爱华外国语学校	41	1
1986	天津市崇化中学	41	1
1987	天津市华夏学校	41	1
1988	天津市英华中学	41	1
1989	天津市南开翔宇学校	41	1
1990	天津市南开外国语中学	41	1
1991	天津市兴华中学	41	1
1992	天津市东门里中学	41	1
1993	天津市嘉陵道中学	41	1
1994	天津市第一０九中学	41	1
1995	天津市鸿志中学	41	1
1996	天津市第五十六中学	41	1
1997	天津市第一一二中学	41	1
1998	天津市第九十九中学	41	1
1999	天津市西南角中学	41	1
2000	天津市第六十七中学	41	1
2001	天津市密云路中学	41	1
2002	天津市九十四中学	41	1
2003	天津市青年路中学	41	1
2004	天津市南开光明中学	41	1
2005	天津市第二十五中学	41	1
2006	天津市府署街中学	41	1
2007	天津市育红中学	41	1
2008	天津市中山中学	41	1
2009	天津市第三十一中学	41	1
2010	天津市第七十四中学	41	1
2011	天津市第112中学	41	1
2012	天津市天津中学	41	1
2013	天津市第九十四中学	41	1
2014	天津市华泽高级中学	41	1
2015	天津市网圆培训学校	41	1
2016	天津市第二十九中学	41	1
2017	天津市第三十一中学分校	41	1
2018	天津市第六十六中学	41	1
2019	天津市天明中学	41	1
2020	天津市第二工读学校	41	1
2021	天津市南开翔宇教育发展有限公司	41	1
2022	天津市外语师范学校	41	1
2023	天津市第六十三中学	41	1
2024	天津市第五十中学	41	1
2025	天津市第一一O中学	41	1
2026	天津市南开实验学校	41	1
2027	天津市广播电视中等专业学校	41	1
2028	天津市一一0中学	41	1
2029	天津市第四十三中学	41	1
2030	天津市第一零九中学	41	1
2031	天津中学	41	1
2032	天津市二十九中学	41	1
2033	天津市育德中学	41	1
2034	民进天津市南开区务实学校	41	1
2035	南开区第二十九中学	41	1
2036	南开区第九十九中学	41	1
2037	南开区第九十四中学	41	1
2038	南开区第六十六中学	41	1
2039	南开区第六十七中学	41	1
2040	南开区第六十三中学	41	1
2041	南开区第五十六中学	41	1
2042	南开区第一一二中学	41	1
2043	南开区第一一零中学	41	1
2044	南开区东门里中学	41	1
2045	南开区广开中学	41	1
2046	南开区嘉陵道中学	41	1
2047	南开区密云路中学	41	1
2048	南开区青年路中学	41	1
2049	南开区天明中学	41	1
2050	南开区西南角中学	41	1
2051	天津市南英学校	41	1
2052	南开区第七十四中学	41	1
2053	南开区第三十一中学	41	1
2054	南开区第三十一中学分校	41	1
2055	南开区第四十三中学	41	1
2056	南开区第一零九中学	41	1
2057	南开区府署街中学	41	1
2058	天津市正华学校	42	1
2059	天津市万盛高级中学	42	1
2060	天津市天慈中学	42	1
2061	天津市务实中学	42	1
2062	天津市移山中学	42	1
2063	天津市博文中学	42	1
2064	天津市津北中学	42	1
2065	天津市天成中学	42	1
2066	天津市第六十九中学	42	1
2067	天津语言学校	42	1
2068	天津市三十九中学	42	1
2069	天津外国语学院附属外国语学校	42	1
2070	天津市河北中学美术高中	42	1
2071	万盛高级中学	42	1
2072	天津市第二幼儿师范学校	42	1
2073	天津市新开中学	42	1
2074	河北外国语中学	42	1
2075	华狮美术学校	42	1
2076	天津市第七十八中学	42	1
2077	天士力中学	42	1
2078	天津市求真高级中学	42	1
2079	津北中学	42	1
2080	天津市第三十五中学	42	1
2081	天津市第七十七中学	42	1
2082	天津市第二十四中学	42	1
2083	务实中学	42	1
2084	天津市第四十八中学	42	1
2085	天慈中学	42	1
2086	天津美术学院美术高中	42	1
2087	天津市新大路中学	42	1
2088	渤海职业中等专业学校	42	1
2089	路华中学	42	1
2090	天津市第十四中学	42	1
2091	天成中学	42	1
2092	天津市第十中学	42	1
2093	天津市志成道中学	42	1
2094	天津市靖江路中学	42	1
2095	天津市第二中学	42	1
2096	天津市第八十四中学	42	1
2097	天津市第七十六中学	42	1
2098	天津市第五十七中学	42	1
2099	天津市第二十六中学	42	1
2100	移山中学	42	1
2101	天津市第三十中学	42	1
2102	双建中学	42	1
2103	天津市华安街中学	42	1
2104	天津市红光中学	42	1
2105	双环中学	42	1
2106	天津市第三十九中学	42	1
2107	天津市第五十三中学	42	1
2108	天津市泰兴路中学	42	1
2109	天津市京津中学	42	1
2110	天津市五十七中学	42	1
2111	天津市一号路中学	42	1
2112	天津市八十一中学	42	1
2113	天津市第七十九中学	42	1
2114	天津市河北区第三职工中学	42	1
2115	天津市华狮美术学校	42	1
2116	天津市津达中学	42	1
2117	天津市昆山道中学	42	1
2118	天津市昆纬路中学	42	1
2119	天津市美术中学附属小学	42	1
2120	天津市天河中学	42	1
2121	天津市天使力中学	42	1
2122	天津市通华中学	42	1
2123	天津市新开河中学	42	1
2124	天津市壹百零壹中学	42	1
2125	天津应中外语学校	42	1
2126	天津市第九中学	42	1
2127	天津市河北中学	42	1
2128	天津市双环中学	42	1
2129	天津市颐和中学	43	1
2130	天津市弘文中学	43	1
2131	天津市红桥外国语中学	43	1
2132	天津市丰泽中学	43	1
2133	天津市方舟中学	43	1
2134	天津市圣业中学	43	1
2135	天津市求知中学	43	1
2136	天津市敬民中学	43	1
2137	天津市铃达中学	43	1
2138	天津市仁和中学	43	1
2139	天津市协同中学	43	1
2140	天津市第三中学	43	1
2141	天津市第八十八中学（天津市东方职业中等专业学校）	43	1
2142	天津市西沽中学	43	1
2143	天津市第七十一中学	43	1
2144	天津市红桥区天马素质教育培训中心	43	1
2145	天津市红桥区六十二中学培训中心	43	1
2146	天津市第四十六中学	43	1
2147	天津市燎原中学	43	1
2148	天津市北门东中学	43	1
2149	天津市红星中学	43	1
2150	天津市三环中学	43	1
2151	天津市第六十二中学	43	1
2152	天津市回民中学	43	1
2153	天津市第八十八中学	43	1
2154	天津市第八十七中学	43	1
2155	天津市第八十中学	43	1
2156	天津市凤城路中学	43	1
2157	天津市第五十一中学	43	1
2158	天津市西青道中学	43	1
2159	天津市北洋中学	43	1
2160	天津市私立华津中学	43	1
2161	天津市第五中学	43	1
2162	天津市佳春中学	43	1
2163	天津市六十五中学	43	1
2164	天津市寇华中学	43	1
2165	天津市铃铛阁中学	43	1
2166	天津市红桥区会计进修学校	43	1
2167	天津市汽车工业职业中等专业学校培训部	43	1
2168	天津市民族中学	43	1
2169	天津市红桥区体育学校	43	1
2170	天津市(红)体育学校	43	1
2171	天津市本溪路中学	43	1
2172	天津市第八十九中学	43	1
2173	天津市第六十五中学	43	1
2174	天津市第四十九中学	43	1
2175	天津市第一零三中学	43	1
2176	天津市三号路中学	43	1
2177	天津市三条石中学	43	1
2178	天津市西关外中学	43	1
2179	天津市营门东中学	43	1
2180	天津市第四十四中学	43	1
2181	天津市塘沽区育才中学	44	1
2182	天津市塘沽区第三中学（天津市塘沽外国语学校）	44	1
2183	天津市津滨中学	44	1
2184	天津市塘沽区育华中学	44	1
2185	天津市塘沽区第五中学	44	1
2186	天津市塘沽区宁车沽学校	44	1
2187	天津市塘沽区第十四中学	44	1
2188	天津市塘沽区工农村中学	44	1
2189	天津市塘沽区新港中学	44	1
2190	天津市塘沽区于庄子中学	44	1
2191	天津市塘沽区中心桥中学	44	1
2192	天津市塘沽区中心庄中学	44	1
2193	天津市塘沽区博文中学	44	1
2194	天津市塘沽区第六中学	44	1
2195	天津市塘沽区第七中学	44	1
2196	天津市塘沽区第九中学	44	1
2197	天津市塘沽十二中	44	1
2198	天津市塘沽区第十五中学	44	1
2199	天津市塘沽区驴驹河学校	44	1
2200	天津市塘沽区第十三中学	44	1
2201	天津市塘沽区第一中学	44	1
2202	天津市塘沽区新世纪学校	44	1
2203	天津市塘沽区实验学校培训部	44	1
2204	天津市塘沽区体育学校	44	1
2205	渤海石油教育处	44	1
2206	天津市塘沽区滨海中学	44	1
2207	天津市塘沽区大沽中学	44	1
2208	塘沽盐场子弟中学	44	1
2209	天津市塘沽区第十二中学	44	1
2210	天津市塘沽区邓善沽中学	44	1
2211	天津市塘沽区第四中学	44	1
2212	天津市塘沽区第二中学	44	1
2213	天津市塘沽区河头中学	44	1
2214	天津市塘沽区胡家园中学	44	1
2215	天津开发区第一中学	44	1
2216	天津市塘沽区北塘中学	44	1
2217	天津市塘沽区宁车沽中学	44	1
2218	天津市塘沽区第三中学	44	1
2219	天津市塘沽区第十一中学	44	1
2220	天津市塘沽区新城中学	44	1
2221	天津市塘沽区东沽中学	44	1
2222	天津市塘沽区外国语学校	44	1
2223	天津市塘沽区职工中学	44	1
2224	天津市星座中学	45	1
2225	天津市汉沽区第八中学	45	1
2226	天津市汉沽区第六中学	45	1
2227	天津市汉沽区第三中学	45	1
2228	天津市汉沽区第四中学	45	1
2229	天津市汉沽区营城中学	45	1
2230	天津市汉沽区大田中学	45	1
2231	天津市汉沽区十中	45	1
2232	天津市汉沽区第一中学	45	1
2233	天津市汉沽区第五中学	45	1
2234	天津市汉沽区汇才中学	45	1
2235	天津市汉沽区第二中学	45	1
2236	天津市汉沽区长芦中学	45	1
2237	天津市汉沽区三兴中学	45	1
2238	天津市汉沽区第九中学	45	1
2239	天津市汉沽区第七中学	45	1
2240	天津市汉沽区后沽中学	45	1
2241	天津市汉沽区桃园中学	45	1
2242	天津市汉沽区大神堂中学	45	1
2243	天津市汉沽区高庄中学	45	1
2244	天津市汉沽区茶淀中学	45	1
2245	天津市汉沽区八中	45	1
2246	天津市汉沽区二中	45	1
2247	天津市汉沽区三中	45	1
2248	天津市汉沽区四中	45	1
2249	天津市汉沽区六中	45	1
2250	汉沽农场中学	45	1
2251	天津市赵连庄中学	46	1
2252	天津市大港区东河筒中学	46	1
2253	天津市大港一中培训部	46	1
2254	天津市大港第二中学	46	1
2255	天津市刘岗庄中学	46	1
2256	天津市太平村中学	46	1
2257	天津市大港区小王庄镇刘岗庄联校	46	1
2258	天津市徐庄子中学	46	1
2259	天津市大港区教育招生考试中心	46	1
2260	天津市沙井子中学	46	1
2261	天津市大港区第四中学	46	1
2262	天津市大港区大诚电脑培训部	46	1
2263	天津市大港区成人中专	46	1
2264	天津市大港油田文化艺术培训部	46	1
2265	天津市问登培训学校	46	1
2266	天津市大港区第二中学培训部	46	1
2267	天津市大港区石化一中培训部	46	1
2268	天津市大港区井下职工培训学校	46	1
2269	天津市大港区务实学校	46	1
2270	天津市大港区第二中学	46	1
2271	天津市大港区新宇培训部	46	1
2272	天津市大港区第三中学	46	1
2273	天津市太平村第二中学	46	1
2274	天津市大港区图书馆图腾培训部	46	1
2275	天津市小王庄中学	46	1
2276	天津市东河筒中学	46	1
2277	天津培英外语实验学校	46	1
2278	天津市苏家园中学	46	1
2279	天津市远景中学	46	1
2280	天津市大港区第一中学	46	1
2281	天津市大港三中求实培训部	46	1
2282	天津市大港区油田职业进修学校	46	1
2283	天津市大港第一中学	46	1
2284	天津石油化工公司教育中心	46	1
2285	天津市窦庄子中学	46	1
2286	天津市大港区徐庄子中学	46	1
2287	天津市中塘中学	46	1
2288	天津市大港三中	46	1
2289	天津市邱庄子中学	46	1
2290	天津市立德中学	47	1
2291	天津市东丽区育才中学	47	1
2292	天津市民进红地学校	47	1
2293	天津市东丽区民族中学	47	1
2294	天津市东丽中学	47	1
2295	天津市万新中学	47	1
2296	天津市李庄子中学	47	1
2297	天津市军粮城第二中学	47	1
2298	天津市小东庄中学	47	1
2299	天津市四合庄中学	47	1
2300	天津市张贵庄中学	47	1
2301	天津市津门中学	47	1
2302	天津市程林中学	47	1
2303	天津市南孙庄中学	47	1
2304	天津市丰年中学	47	1
2305	天津市第一百中学	47	1
2306	天津市钢管公司中学	47	1
2307	天津市大毕庄中学	47	1
2308	天津市窑上中学	47	1
2309	天津市新袁中学	47	1
2310	天津市华明中学	47	1
2311	天津市李庄中学	47	1
2312	天津市赤土中学	47	1
2313	天津市新袁庄中学	47	1
2314	天津市万新中学(备注)	47	1
2315	天津市东丽民族中学	47	1
2316	天津市东丽区万新中学	47	1
2317	天津市军粮城中学	47	1
2318	天津市西青区中北中学	48	1
2319	天津霍元甲武术学校	48	1
2320	天津市西青区赵庄子中学	48	1
2321	天津市西青区张家窝中学	48	1
2322	天津市西青区王稳庄中学	48	1
2323	天津市西青区杨柳青第二中学	48	1
2324	天津市西青区大寺中学	48	1
2325	天津市西青区杨柳青第四中学	48	1
2326	天津市西青区当城中学	48	1
2327	天津市西青区杨柳青第一中学	48	1
2328	天津市第九十五中学	48	1
2329	天津市西青区付村中学	48	1
2330	天津市西青区中北斜中学	48	1
2331	天津市静文高级中学	48	1
2332	天津市西青区杨柳青第三中学	48	1
2333	天津市西青区木厂中学	48	1
2334	天津市西青区体育中学	48	1
2335	天津市西青区小杜庄中学	48	1
2336	天津市西青区杨柳青第五中学	48	1
2337	天津市西区大稍口中学	48	1
2338	天津市西青区永红中学	48	1
2339	天津市葛沽第三中学	49	1
2340	天津市双闸中学	49	1
2341	天津市后营中学	49	1
2342	天津市汇龙学校	49	1
2343	天津市树才中学	49	1
2344	天津市南华中学	49	1
2345	天津市咸水沽第三中学	49	1
2346	天津市双桥中学	49	1
2347	天津市葛沽第一中学	49	1
2348	天津市小站实验中学	49	1
2349	天津市辛庄中学	49	1
2350	天津市北闸口中学	49	1
2351	天津市咸水沽第一中学	49	1
2352	天津市菁华中学	49	1
2353	天津市天华高级中学	49	1
2354	天津市南洋中学	49	1
2355	天津市八里台中学	49	1
2356	天津市咸水沽第二中学	49	1
2357	民进天津市津南区务实学校	49	1
2358	天津市小站第二中学	49	1
2359	天津市新农中学	49	1
2360	天津市小站第一中学	49	1
2361	天津市北湖中学	49	1
2362	天津市双港中学	49	1
2363	菁华中学	49	1
2364	天津市高庄子中学	49	1
2365	天津市葛洒第二中学	49	1
2366	天津市津南区业余体育学校	49	1
2367	天津市南马集中学	49	1
2368	天津市西泥沽中学	49	1
2369	天津市咸水沽第四中学	49	1
2370	天津市小站第三中学	49	1
2371	天津市朱唐庄中学	50	1
2372	天津市九十六中学	50	1
2373	天津市大张庄中学	50	1
2374	天津市北辰区霍庄中学	50	1
2375	天津市北辰区华辰学校	50	1
2376	天津市集贤中学	50	1
2377	天津市第四十七中学	50	1
2378	天津市第九十二中学	50	1
2379	天津市青光中学	50	1
2380	天津市小淀中学	50	1
2381	天津市一一四中学	50	1
2382	天津市银河高级中学	50	1
2383	天津市东堤头中学	50	1
2384	天津市天辰高级中学	50	1
2385	天津市河头中学	50	1
2386	天津市南仓中学	50	1
2387	天津市广夏中学	50	1
2388	天津市双口中学	50	1
2389	天津市柳滩中学	50	1
2390	天津市师范学校	50	1
2391	天津市北仓第二中学	50	1
2392	天津市北辰区南王平中学	50	1
2393	天津市北辰区天辰高级中学	50	1
2394	天津市韩家墅中学	50	1
2395	天津市芦新河中学	50	1
2396	天津市辛侯庄中学	50	1
2397	天津市南王平中学	50	1
2398	天津市武清区黄花店镇初级中学	51	1
2399	天津市武清区大黄堡乡初级中学	51	1
2400	天津市武清区东蒲洼乡初级中学	51	1
2401	武清县大良镇初级中学	51	1
2402	天津市武清区徐官屯乡初级中学	51	1
2403	武清县崔黄口镇第二初级中学	51	1
2404	武清县陈咀乡初级中学	51	1
2405	天津市武清区黄庄乡初级中学	51	1
2406	天津市武清县崔黄口中学	51	1
2407	天津市武清区梅厂镇教育办公室	51	1
2408	天津市武清区东蒲洼乡教育办公室	51	1
2409	天津市武清区黄庄乡教育办公室	51	1
2410	天津市武清区泗村店镇教育办公室	51	1
2411	天津市武清区黄花店镇教育办公室	51	1
2412	天津市武清区王庆坨镇教育办公室	51	1
2413	天津市武清区大王古庄镇教育办公室	51	1
2414	武清区石各庄镇初级中学	51	1
2415	天津市武清区河北屯镇初级中学	51	1
2416	武清区河西务镇初级中学	51	1
2417	武清区双树初级中学	51	1
2418	武清区曹子里乡曹子里初级中学	51	1
2419	武清区北蔡村乡北蔡村初级中学	51	1
2420	武清区杨村第五中学	51	1
2421	武清区下伍旗镇初级中学	51	1
2422	武清区陈咀乡初级中学	51	1
2423	武清区杨村第三中学	51	1
2424	武清区王庆坨镇初级中学	51	1
2425	天津市武清区上马台乡初级中学	51	1
2426	武清区大孟庄镇有庄初级中学	51	1
2427	武清区东蒲洼乡初级中学	51	1
2428	武清区雍阳中学	51	1
2429	武清区崔黄口中学	51	1
2430	武清区豆张庄乡豆张庄初级中学	51	1
2431	武清区黄花店中学	51	1
2432	武清区南蔡村镇初级中学	51	1
2433	武清区后巷乡后巷初级中学	51	1
2434	天津市武清区下朱庄初级中学	51	1
2435	武清区崔黄口镇第三初级中学	51	1
2436	武清区杨村第四中学	51	1
2437	武清区第二幼儿园	51	1
2438	武清区崔黄口镇第一初级中学	51	1
2439	武清区大黄堡乡初级中学	51	1
2440	武清区杨村第一中学	51	1
2441	天津雍阳英华学校	51	1
2442	武清区曹子里乡小高口初级中学	51	1
2443	武清区泗村店镇初级中学	51	1
2444	武清区城关镇初级中学	51	1
2445	武清区黄花店镇初级中学	51	1
2446	武清区城关中学	51	1
2447	武清区东马圈镇初级中学	51	1
2448	武清区王庆坨中学	51	1
2449	武清区豆张庄乡南双庙初级中学	51	1
2450	武清区大孟庄镇昭阳初级中学	51	1
2451	武清县豆张庄乡茨洲初级中学	51	1
2452	武清区南蔡村中学	51	1
2453	武清区河西务镇中学	51	1
2454	武清区黄庄初级中学	51	1
2455	武清区大沙河乡初级中学	51	1
2456	武清区杨村第二中学	51	1
2457	武清区大王古庄乡大王古庄初级中学	51	1
2458	天津市武清区聂庄子乡聂庄子初级中学	51	1
2459	武清区白古屯乡初级中学	51	1
2460	武清区汊沽港镇初级中学	51	1
2461	武清区汊沽港中学	51	1
2462	武清区第一幼儿园	51	1
2463	武清区高村乡初级中学	51	1
2464	武清区梅厂镇初级中学	51	1
2465	武清区梅厂中学	51	1
2466	武清县大王古庄乡大王古庄初级中学	51	1
2467	武清区大良中学	51	1
2468	天津市武清县杨村第一中学	51	1
2469	武清区启智学校	51	1
2470	天津市武清县梅厂中学	51	1
2471	天津市武清县王庆坨中学	51	1
2472	武清县汊沽港中学	51	1
2473	武清县杨村第二中学	51	1
2474	武清县杨村第三中学	51	1
2475	武清县杨村第四中学	51	1
2476	宝坻县尔王庄乡初级中学	52	1
2477	宝坻县林亭口镇初级中学	52	1
2478	天津市宝坻区育英中学	52	1
2479	天津市宝坻区第一中学	52	1
2480	宝坻区育英中学分校	52	1
2481	宝坻区王卜庄镇教育委员会[总校]	52	1
2482	宝坻区大中庄镇中学	52	1
2483	宝坻区口东镇教育委员会(总校)	52	1
2484	宝坻区石桥镇初级中学	52	1
2485	宝坻区方家庄镇教育委员会(总校)	52	1
2486	宝坻区大口屯镇第二初级中学	52	1
2487	宝坻区新开口镇初级中学	52	1
2488	宝坻区大唐庄镇教育委员会(总校)	52	1
2489	宝坻区袁罗庄袁罗庄初级中学	52	1
2490	宝坻区周良庄镇教育委员会(总校)	52	1
2491	宝坻区黄庄乡初级中学	52	1
2492	宝坻区王卜庄高级中学	52	1
2493	宝坻区糙甸中学	52	1
2494	宝坻区大白庄镇教育委员会(总校)	52	1
2495	宝坻区第二中学	52	1
2496	宝坻区杨家口乡初级中学	52	1
2497	宝坻区城关二镇西关中学	52	1
2498	宝坻区周良庄镇初级中学	52	1
2499	宝坻区尔王庄乡中学	52	1
2500	宝坻区三岔口乡教育委员会(总校)	52	1
2501	宝坻区赵各庄镇教育委员会(总校)	52	1
2502	宝坻区口东镇初级中学	52	1
2503	宝坻区牛道口乡普通中学	52	1
2504	宝坻区李家深高级中学	52	1
2505	宝坻区牛家牌乡牛家牌中学	52	1
2506	宝坻区赵各庄镇初级中学	52	1
2507	宝坻区中登高级中学	52	1
2508	宝坻区林亭口高级中学	52	1
2509	宝坻区杨家口乡教育委员会(总校)	52	1
2510	宝坻区郝各庄乡教育委员会[总校]	52	1
2511	宝坻县林亭口高级中学	52	1
2512	宝坻区城关二镇镇东东关中学	52	1
2513	宝坻区方家庄镇初级中学	52	1
2514	宝坻区高家庄镇教委(总校)	52	1
2515	宝坻区马家店镇教育委员会[总校]	52	1
2516	宝坻区牛道口乡教育委员会[总校]	52	1
2517	宝坻区郝各庄乡初级中学	52	1
2518	宝坻区袁罗庄乡教育委员会(总校)	52	1
2519	宝坻区马家店镇初级中学	52	1
2520	宝坻区黑狼口镇教育委员会(总校)	52	1
2521	宝坻区霍各庄镇第二初级中学	52	1
2522	宝坻区史各庄镇初级中学	52	1
2523	宝坻区尔王庄乡教育委员会(总校)	52	1
2524	宝坻区大口屯镇第一初级中学	52	1
2525	宝地区中登乡初级中学	52	1
2526	宝坻区新安镇初级中学	52	1
2527	宝坻区牛家牌乡教育委员会(总校)	52	1
2528	天津市宝坻区南仁孚乡初级中学	52	1
2529	宝地区欢喜庄乡初级中学	52	1
2530	宝坻县体育中学	52	1
2531	宝坻区高家庄镇初级中学	52	1
2532	宝坻区王卜庄镇初级中学	52	1
2533	宝坻区黑狼口镇黑狼口中学	52	1
2534	宝坻区第三中学	52	1
2535	宝坻区石桥镇教育委员会(总校)	52	1
2536	宝坻区北潭乡教育委员会(总校)	52	1
2537	宝坻区大钟庄高级中学	52	1
2538	宝坻区林亭口镇一中	52	1
2539	宝坻区第一职业中学	52	1
2540	宝坻区黄庄乡教育委员会(总校)	52	1
2541	宝坻区糙甸乡教育委员会(总校)	52	1
2542	宝坻区霍各庄第一初级中学	52	1
2543	宝坻区大口屯镇教育委员会(总校)	52	1
2544	宝坻区八门城镇初级中学	52	1
2545	宝坻县史各庄乡第一初级中学	52	1
2546	宝坻区体育中学	52	1
2547	宝坻区中登乡教育委员会[总校]	52	1
2548	宝坻区霍各庄镇教育委员会(总校)	52	1
2549	宝坻区三岔口乡初级中学	52	1
2550	宝坻区林亭口镇教育委员会(总校)	52	1
2551	宝坻区何仉庄乡教育委员会(总校)	52	1
2552	宝坻区欢喜庄乡教育委员会[总校]	52	1
2553	宝坻区大唐庄镇镇初级中学	52	1
2554	宝坻区第一中学	52	1
2555	宝坻区南仁孚乡教育委员会(总校)	52	1
2556	宝坻区何仉庄初级中学	52	1
2557	宝坻区大白庄高级中学	52	1
2558	宝坻县牛道口乡老高寨初级中学	52	1
2559	宝坻区北潭乡初级中学	52	1
2560	宝坻区城关镇教育委员会[总校]	52	1
2561	宝坻区大中庄镇教委(总校)	52	1
2562	宝坻区新安镇教育委员会(总校)	52	1
2563	宝坻区第四中学	52	1
2564	宝坻县大钟庄乡第二初级中学	52	1
2565	宝坻区大白庄镇中学	52	1
2566	宝坻区大口屯高级中学	52	1
2567	宝坻区八门城镇教育委员会(总校)	52	1
2568	宝坻且何仉庄乡初级中学	52	1
2569	宝坻区城关二镇教育委员会(总校)	52	1
2570	宝坻县王卜庄乡前张司马初级中学	52	1
2571	宝坻区新开口镇教育委员会[总校]	52	1
2572	宝坻区史各庄镇教育委员会(总校)	52	1
2573	宝坻县郝各庄乡初级中学	52	1
2574	宝坻县高家庄乡第二初级中学	52	1
2575	宝坻县赵各庄乡初级中学	52	1
2576	宝坻县高家庄乡第一初级中学	52	1
2577	宝坻县北坛乡中学	52	1
2578	宝坻县糙甸乡中学	52	1
2579	宝坻县大白庄镇中学	52	1
2580	宝坻县大唐庄乡中学	52	1
2581	宝坻县大钟庄乡中学	52	1
2582	宝坻县高家庄乡第二中学	52	1
2583	宝坻县高家庄乡第一中学	52	1
2584	宝坻县何仉乡中学	52	1
2585	宝坻县欢喜庄乡中学	52	1
2586	宝坻县霍各庄乡中学	52	1
2587	宝坻县口东乡中学	52	1
2588	宝坻县林亭口镇中学	52	1
2589	宝坻县牛道口乡中学	52	1
2590	宝坻县三岔口乡中学	52	1
2591	宝坻县石桥乡中学	52	1
2592	宝坻县史各庄乡中学	52	1
2593	宝坻县王卜庄乡中学	52	1
2594	宝坻县新开口乡中学	52	1
2595	宝坻县赵各庄乡中学	52	1
2596	宝坻县第二中学	52	1
2597	宝坻县第三中学	52	1
2598	宝坻县第一中学	52	1
2599	宝坻县牛家牌乡牛家牌中学	52	1
2600	宁河县任凤乡中学	53	1
2601	宁河县大贾庄乡中学	53	1
2602	宁河县北淮淀乡北淮淀中学	53	1
2603	宁河县芦台第三中学	53	1
2604	宁河县岳龙镇中学	53	1
2605	宁河县东棘坨乡中学	53	1
2606	天津市宁河县芦台第一中学	53	1
2607	宁河县芦台第二中学	53	1
2608	宁河县任凤高中	53	1
2609	宁河县东棘坨乡教育组	53	1
2610	宁河县丰台镇中学	53	1
2611	宁河县大北涧沽乡教育组	53	1
2612	宁河县芦台第五中学	53	1
2613	宁河县潘庄教育组	53	1
2614	宁河县南涧沽乡教育组	53	1
2615	宁河先后棘坨乡教育组	53	1
2616	宁河县赵本庄乡赵本乡办中学	53	1
2617	宁河县大贾庄乡教育组	53	1
2618	宁河县小李庄乡中学	53	1
2619	小李庄乡教育组	53	1
2620	宁河县造甲城中学	53	1
2621	宁河县苗庄中学	53	1
2622	宁河县宁河镇教育组	53	1
2623	宁河县任凤中学	53	1
2624	宁河县造甲城镇教育组	53	1
2625	宁河县廉庄子乡教育组	53	1
2626	宁河县潘庄镇中学	53	1
2627	宁河县表口乡教育组	53	1
2628	天津市宁河县潘庄教育组	53	1
2629	宁河县任凤庄乡教育组	53	1
2630	宁河县表口中学	53	1
2631	宁河县丰台镇教育组	53	1
2632	宁河县潘庄中学	53	1
2633	宁河县大辛乡小月河中心学校	53	1
2634	天津市宁河县青少年业余体育学校	53	1
2635	宁河县桥北镇中学	53	1
2636	宁河县苗庄镇教育组	53	1
2637	宁河县廉庄乡中学	53	1
2638	宁河县板桥镇板桥中学	53	1
2639	宁河县芦台镇教育组	53	1
2640	天津市宁河县岳龙镇教育组	53	1
2641	宁河县永兴中学	53	1
2642	宁河县董庄镇教育组	53	1
2643	宁河县潘庄镇纪庄子中心校	53	1
2644	宁河县董庄乡小薄中学	53	1
2645	天津市宁河县岳龙镇中学	53	1
2646	宁河县大辛乡江洼口中心学校	53	1
2647	天津市宁河县芦台第三中学	53	1
2648	天津市宁河县桥北镇教育组	53	1
2649	宁河县大北涧沽乡中学	53	1
2650	天津市宁河县大辛庄乡教育组	53	1
2651	宁河县南涧沽乡中学	53	1
2652	宁河县后棘坨乡中学	53	1
2653	宁河县潘庄镇教育组	53	1
2654	宁河县赵本庄乡教育组	53	1
2655	宁河县淮淀乡教育组	53	1
2656	宁河县板桥镇教育组	53	1
2657	宁河县丰台中学	53	1
2658	宁河县板桥乡板桥中学	53	1
2659	宁河县岳龙乡岳会中心中学	53	1
2660	宁河县教育局教学设备站	53	1
2661	宁河县大辛乡中学	53	1
2662	宁河县宁河镇中学	53	1
2663	宁河县教育科学研究室	53	1
2664	宁河县大贾乡中学	53	1
2665	宁河县大辛乡小月河中学小学	53	1
2666	宁河县东棘坨中学	53	1
2667	宁河县廉庄乡大于中学	53	1
2668	宁河县廉庄乡高坨中学	53	1
2669	宁河县苗庄乡麦穗中学	53	1
2670	宁河县苗庄乡西瓦中学	53	1
2671	宁河县南涧中学	53	1
2672	宁河县青少年业余体育学校	53	1
2673	宁河县任风乡中学	53	1
2674	宁河县小李乡中学	53	1
2675	宁河县赵本乡高景中学	53	1
2676	宁河县赵本乡赵本中学	53	1
2677	宁河县赵庄乡赵庄中学	53	1
2678	宁河县芦台第四中学	53	1
2679	宁河县芦台第一中学	53	1
2680	静海县第二中学	54	1
2681	静海县陈官屯镇王官屯中学	54	1
2682	静海县陈官屯镇中学	54	1
2683	静海县西翟庄中学	54	1
2684	静海县子牙镇中学	54	1
2685	天津市静海县中旺中学	54	1
2686	静海县第五中学	54	1
2687	静海县独流中学	54	1
2688	静海县第六中学	54	1
2689	静海县第四中学	54	1
2690	静海县中旺中学	54	1
2691	静海县良王庄乡中学	54	1
2692	静海县中旺镇中旺镇中学	54	1
2693	静海县独流镇中学	54	1
2694	静海县双塘镇双塘中学	54	1
2695	静海县大丰堆镇中学	54	1
2696	静海县唐官屯中学	54	1
2697	天津市静海县唐官屯镇大张屯中学	54	1
2698	静海县台头中学	54	1
2699	静海县西翟庄乡西翟庄中学	54	1
2700	静海县第一中学	54	1
2701	天津市静海县沿庄镇东滩头中学	54	1
2702	天津市静海县子牙中学	54	1
2703	静海县蔡公庄中学	54	1
2704	静海县团泊镇胡连庄中学	54	1
2705	静海汇才中学	54	1
2706	天津市静海县独流中学	54	1
2707	静海县唐官屯镇大郝庄中学	54	1
2708	静海县王口镇中学	54	1
2709	静海县王口中学	54	1
2710	静海县沿庄镇中学	54	1
2711	静海县梁头中学	54	1
2712	天津市静海县陈官屯中学	54	1
2713	教育委员会府君庙中学	54	1
2714	静海县王口乡郑庄中心学校	54	1
2715	静海县静海镇徐庄子中学	54	1
2716	静海县杨成庄乡杨成庄中学	54	1
2717	静海县大丰堆乡白公坨中心校	54	1
2718	静海县中旺镇大庄子中学	54	1
2719	静海县二堡乡中学	54	1
2720	静海县梁头乡王庄子中心校	54	1
2721	天津市大邱庄尧舜实验学校	54	1
2722	静海县中旺镇中学	54	1
2723	静海县大邱庄镇中学	54	1
2724	静海县独流镇北肖楼中学	54	1
2725	静海县团泊镇中学	54	1
2726	天津市静海县第五中学	54	1
2727	独流中学	54	1
2728	天津市静海县蔡公庄中学	54	1
2729	天津市静海县第二中学	54	1
2730	天津市静海县第四中学	54	1
2731	天津市静海县第一中学	54	1
2732	天津市静海县王口中学	54	1
2733	天津市天津市静海县中旺中学	54	1
2734	蓟县下仓镇大仇庄初级中学	55	1
2735	蓟县邦均镇初级中学	55	1
2736	蓟县下仓镇大杨家庄初级中学	55	1
2737	蓟县礼明庄乡初级中学	55	1
2738	蓟县下仓镇下仓初级中学	55	1
2739	蓟县东塔庄镇初级中学	55	1
2740	蓟县东施古乡初级中学	55	1
2741	蓟县下营镇初级中学	55	1
2742	蓟县小港乡小港中学	55	1
2743	天津市蓟县宋家营乡初级中学	55	1
2744	蓟县孙各庄满族乡初级中学	55	1
2745	蓟县别山镇杨家楼初级中学	55	1
2746	蓟县上仓镇初级中学	55	1
2747	蓟县侯家营乡侯家营初级中学	55	1
2748	蓟县下仓中学	55	1
2749	蓟县杨家楼中学	55	1
2750	蓟县康各庄中学	55	1
2751	蓟县第一中学	55	1
2752	蓟县刘家顶乡刘家顶中学	55	1
2753	蓟县渔阳中学	55	1
2754	蓟县官庄镇南营中学	55	1
2755	蓟县别山镇初级中学	55	1
2756	蓟县官场乡初级中学	55	1
2757	蓟县杨津庄乡初级中学	55	1
2758	蓟县西龙虎峪乡南贾庄中学	55	1
2759	蓟县城关镇中学	55	1
2760	蓟县三岔口乡三岔口中学	55	1
2761	蓟县桑梓乡桑梓初级中学	55	1
2762	蓟县白涧乡白涧初级中学	55	1
2763	蓟县尤古庄镇初级中学	55	1
2764	蓟县官庄镇官庄中学	55	1
2765	蓟县东赵各庄乡初级中学	55	1
2766	蓟县马伸桥初级中学	55	1
2767	蓟县穿芳峪乡穿芳峪中学	55	1
2768	蓟县西龙虎峪乡中学	55	1
2769	蓟县洇溜镇中学	55	1
2770	蓟县城关第五中学	55	1
2771	蓟县洪水庄乡洪水庄村中学	55	1
2772	蓟县白塔子乡白塔子中学	55	1
2773	蓟县东二营乡东二营中学	55	1
2774	蓟县下窝头乡初级中学	55	1
2775	蓟县城关第四中学	55	1
2776	蓟县下仓乡大伉庄初级中学	55	1
2777	蓟县五百户乡华严寺中学	55	1
2778	蓟县城关第二中学	55	1
2779	蓟县擂古台中学	55	1
2780	蓟县马伸桥中学	55	1
2781	蓟县别山乡下里庄中学	55	1
2782	蓟县罗庄子中学	55	1
2783	蓟县翠屏山镇科科中学	55	1
2784	蓟县蒙O乡中学	55	1
2785	蓟县西塔庄乡西塔中学	55	1
2786	天津市蓟县邦均中学	55	1
2787	蓟县上仓中学	55	1
2788	蓟县桑梓乡西芦庄初级中学	55	1
2789	蓟县下营中学	55	1
2790	天津市蓟县别山镇下里庄初级中学	55	1
2791	蓟县许家台乡许家台中学	55	1
2792	蓟县大上乡中学	55	1
2793	蓟县桑梓乡西卢庄初级中学	55	1
2794	蓟县九百户乡九百户村初级中学	55	1
2795	蓟县第五中学	55	1
2796	重庆市万州区黄柏初级中学	56	1
2797	重庆市万州区高峰初级中学	56	1
2798	重庆市万州实验中学	56	1
2799	重庆市万州区高梁初级中学	56	1
2800	重庆市万州三峡中学	56	1
2801	重庆市万州区新田中学	56	1
2802	重庆市万州协文中学	56	1
2803	重庆市万州区赛德国际学校	56	1
2804	重庆市万州中学	56	1
2805	重庆市万州区翠屏初级中学	56	1
2806	重庆市万州区走马初级中学	56	1
2807	重庆市万州区新华学校	56	1
2808	重庆市万州外国语学校	56	1
2809	重庆市万州区白岩学校	56	1
2810	重庆市万州区纯阳实验学校	56	1
2811	重庆市万州区长滩镇初级中学	56	1
2812	重庆市万州区太安初级中学	56	1
2813	重庆市万州区和平初级中学	56	1
2814	万州区沙河中学	56	1
2815	重庆市万州区分水中学	56	1
2816	重庆市万州第三中学	56	1
2817	重庆市万州区武陵中学	56	1
2818	重庆市万州区凉风中学	56	1
2819	重庆市万州区龙宝中学	56	1
2820	重庆市万州区清泉中学	56	1
2821	重庆市万州区长岭镇初级中学	56	1
2822	重庆市万州区鱼泉中学	56	1
2823	重庆市万州区太白中学校	56	1
2824	重庆市万州区三正初级中学	56	1
2825	重庆市万州区丁阳初级中学	56	1
2826	重庆市万州区太龙初级中学	56	1
2827	重庆市万州区培文初级中学	56	1
2828	重庆市万州区熊家中学	56	1
2829	重庆市万州第二中学	56	1
2830	重庆市万州区熊家初级中学	56	1
2831	重庆市万州区桥亭中学	56	1
2832	重庆市万州区永兴初级中学	56	1
2833	重庆市万州区自力初级中学	56	1
2834	重庆市万州区上海中学	56	1
2835	重庆市万州辅成学校	56	1
2836	重庆市万州塘坊初级中学	56	1
2837	重庆市万州第一中学	56	1
2838	重庆市万州区国本初级中学	56	1
2839	重庆市万州区小周初级中学	56	1
2840	重庆市万州区马头乡初级中学	56	1
2841	重庆市万州区董家初级中学	56	1
2842	重庆市万州区鹿山乡初级中学	56	1
2843	重庆市万州区五桥初级中学	56	1
2844	重庆市万州区道生初级中学	56	1
2845	重庆市万州区孙家乡初级中学	56	1
2846	重庆市万州区西山初级中学	56	1
2847	重庆市万州区柱山初级中学	56	1
2848	重庆市万州区新乡初级中学	56	1
2849	重庆市万州区周家坝初级中学	56	1
2850	重庆市万州区金山初级中学	56	1
2851	重庆市万州区铁炉乡初级中学	56	1
2852	重庆市万州区南浦初级中学	56	1
2853	重庆市万州区河口初级中学	56	1
2854	重庆市万州区三峡行知学校	56	1
2855	重庆市万州区甘宁乡初级中学	56	1
2856	重庆市万州区溪口乡初级中学	56	1
2857	重庆市万州区瑞池乡初级中学	56	1
2858	重庆市万州龙都中学	56	1
2859	重庆市万州区龙驹中学	56	1
2860	重庆市万州区凉水初级中学	56	1
2861	重庆市万州区石桥乡初级中学	56	1
2862	重庆市万州区淞南初级中学	56	1
2863	重庆市万州区李河初级中学	56	1
2864	重庆市万州区高龙中学	56	1
2865	重庆市万州区恒合初级中学	56	1
2866	重庆市万州区赶埸初级中学	56	1
2867	重庆市万州区岩口乡初级中学	56	1
2868	重庆市万州区白土初级中学	56	1
2869	重庆市万州区白羊初级中学	56	1
2870	重庆市万州区响水初级中学	56	1
2871	重庆市万州区铁峰乡初级中学	56	1
2872	重庆市万州区壤渡初级中学	56	1
2873	重庆市万州区高升镇初级中学	56	1
2874	重庆市万州区石人初级中学	56	1
2875	重庆市万州树人学校	56	1
2876	重庆市万州区金凤初级中学	56	1
2877	重庆市万州区宝莲初级中学	56	1
2878	重庆市万州博文实验学校	56	1
2879	重庆市万州区燕山初级中学	56	1
2880	重庆市万州区郭村乡初级中学	56	1
2881	重庆市万州区五龙初级中学	56	1
2882	重庆市万州区九池初级中学	56	1
2883	江苏省盐城中学	56	1
2884	金山桥寄宿学校	56	1
2885	重庆市钢城中学	57	1
2886	涪陵市第十五中学校	57	1
2887	涪陵区天台乡中学校	57	1
2888	重庆市涪陵桥南中学校	57	1
2889	成都市第三十七中学校	57	1
2890	成都市君平街中学	57	1
2891	成都市青羊区文家中学校	57	1
2892	重庆市涪陵区第十中学校	57	1
2893	重庆市涪陵第十四中学校	57	1
2894	重庆市涪陵区第五中学校	57	1
2895	重庆市涪双石中学校	57	1
2896	涪陵第四中学校	57	1
2897	重庆市涪陵桥南中学学校	57	1
2898	乌江职业学校	57	1
2899	涪陵区桥南光明中学	57	1
2900	成都市少城中学	57	1
2901	涪陵江东中学	57	1
2902	涪陵区第十二中学校	57	1
2903	涪陵区第二中学校	57	1
2904	涪陵区第七中学校	57	1
2905	涪陵区义和镇初级中学校	57	1
2906	涪陵师范学院附中	57	1
2907	涪陵区仁义乡中学校	57	1
2908	涪陵区致韩镇中学校	57	1
2909	涪陵师院初等教育学院	57	1
2910	涪陵区石沱镇中学	57	1
2911	涪陵区第十三中学	57	1
2912	重庆市涪陵第九中学校	57	1
2913	成都市锦江区三圣中学	57	1
2914	重庆市涪陵第十五中学校	57	1
2915	涪陵区龙桥镇初级中学校	57	1
2916	重庆市涪陵第八中学校	57	1
2917	涪陵第十一中学校	57	1
2918	涪陵区明家乡初级中学校	57	1
2919	重庆市涪陵第十六中学校	57	1
2920	重庆市涪陵第一中学校	57	1
2921	涪陵区山窝乡初级中学校	57	1
2922	重庆市涪陵区罗云乡初级中学校	57	1
2923	涪陵区镇安镇中学大柏分校	57	1
2924	涪陵区堡子镇初级中学校	57	1
2925	重庆市涪陵中学校	57	1
2926	涪陵区李渡镇金银中学校	57	1
2927	涪陵区李渡镇马安中学	57	1
2928	重庆市涪陵实验中学校	57	1
2929	涪随便区惠民乡初级中学校	57	1
2930	涪陵区致韩镇石泉中学	57	1
2931	涪陵区镇安镇初级中学校	57	1
2932	涪陵区蔺市镇中学校	57	1
2933	涪陵区南沱镇中学校	57	1
2934	涪陵区两汇乡初级中学校	57	1
2935	涪陵区仁义乡百汇中学	57	1
2936	宜州市龙头中学	57	1
2937	涪陵区酒店乡初级中学校	57	1
2938	涪陵区义和镇大山初级中学校	57	1
2939	涪陵区石龙乡初级中学校	57	1
2940	涪陵区增福乡初级中学校	57	1
2941	钟山县第一中学	57	1
2942	博白县白州中学	57	1
2943	涪陵市第十二中学校	57	1
2944	涪陵市枳城区江东街道办事处私立中学校	57	1
2945	涪陵市枳城区荔枝街道办事处光明中学校	57	1
2946	涪陵市第七中学校	57	1
2947	涪陵师范专科学校附属中学校	57	1
2948	涪陵市第十三中学校	57	1
2949	涪陵市第四中学校	57	1
2950	涪陵市枳城区仁义乡百汇中学校	57	1
2951	涪陵市枳城区仁义乡中学校	57	1
2952	涪陵市李渡区致韩镇致韩中学小学校	57	1
2953	成都市横通顺中学	57	1
2954	防城区江山乡中学	57	1
2955	涪陵市李渡区义和镇大山中学	57	1
2956	成都市金玉街中学	57	1
2957	成都市锦江区胜利中学	57	1
2958	涪陵市第八中学校	57	1
2959	涪陵市第九中学校	57	1
2960	涪陵市第一中学校	57	1
2961	重庆市建设中学校	58	1
2962	重庆二十九中实验学校	58	1
2963	重庆市实验学校	58	1
2964	重庆市第三十中	58	1
2965	重庆市巴蜀中学校	58	1
2966	重庆第六十七中学校	58	1
2967	重庆第二十五中学校	58	1
2968	重庆求精中学	58	1
2969	重庆复旦中学	58	1
2970	重庆华光实验学校	58	1
2971	重庆市第五十三中学校总部	58	1
2972	重庆市第四十二中学校	58	1
2973	重庆市第五十七中学校	58	1
2974	重庆市人民路初级中学	58	1
2975	重庆市第二十九中学校分部(原重庆第二中)	58	1
2976	重庆五十四中学	58	1
2977	重庆二十九中	58	1
2978	重庆第二十六中学	58	1
2979	重庆市四十中学校	58	1
2980	重庆市第六十二中学校	58	1
2981	重庆市第九十五初级中学校	59	1
2982	重庆市商务学校	59	1
2983	重庆市长征学校	59	1
2984	重庆跳蹬中学校	59	1
2985	十八冶二子中	59	1
2986	重庆市大渡口区八桥中学校	59	1
2987	重庆市第四十五中学校	60	1
2988	重庆市江北区复盛初级中学校	60	1
2989	重庆市第十九中学校	60	1
2990	重庆市建新初级中学校	60	1
2991	重庆市江北区北城实验初级中学	60	1
2992	重庆市第七十七中学校	60	1
2993	重庆启慧教育发展有限公司	60	1
2994	重庆市江北区字水中学校	60	1
2995	重庆市蜀都中学	60	1
2996	重庆长安长和中学	60	1
2997	重庆市第124初级中学校	60	1
2998	重庆市观音桥实验中学	60	1
2999	长安公司203中学	60	1
3000	重庆市第四十六中学校	60	1
3001	重庆市江北区鱼嘴初级中学校	60	1
3002	重庆寸滩职业中学	60	1
3003	重庆市东风船舶工业公司东风职工子弟校	60	1
3004	江北区五宝初级中学校	60	1
3005	重庆市第十四中学校	60	1
3006	重庆市五里店职业中学	60	1
3007	重庆市八十五中学校	60	1
3008	重庆市十六中学校	60	1
3009	重庆市江北区石盘中学	60	1
3010	重庆市上桥中学校	61	1
3011	重庆市第三十二中学校	61	1
3012	重庆市二塘初级中学	61	1
3013	重庆市第七中学	61	1
3014	重庆市天星桥中学	61	1
3015	重庆市第一中寄宿学校	61	1
3016	重庆市第八中学校	61	1
3017	重庆市沙坪坝区凤凰镇中学	61	1
3018	嘉陵工业有限公司职业技术学院	61	1
3019	重庆市第一中学	61	1
3020	重庆市南开中学校	61	1
3021	重庆大学附属中学校	61	1
3022	重庆市第二十八中	61	1
3023	重庆双碑中学	61	1
3024	重庆市沙坪坝区回龙坝镇初级中学	61	1
3025	重庆凤鸣山中学	61	1
3026	重庆市第六十八学校	61	1
3027	重庆第三十二中学校	61	1
3028	重庆市名校联合中学校	61	1
3029	重庆小龙坎初级中学	61	1
3030	嘉陵工业有限公司嘉陵中学	61	1
3031	重庆市沙坪坝区曾家镇初级中学校	61	1
3032	重庆市沙坪坝区青木关镇初级中学校	61	1
3033	沙坪坝区陈家桥镇初级中学	61	1
3034	重庆市第十五中学校	61	1
3035	重庆第六十四中学	61	1
3036	重庆市沙坪坝实验中学	61	1
3037	重庆市沙坪坝区中梁镇新发中学校	61	1
3038	重庆虎溪电机厂子弟学校	61	1
3039	重庆市九龙坡区铜罐驿镇中学	62	1
3040	重庆市田家炳中学	62	1
3041	重庆市七十九中学	62	1
3042	重庆市九龙坡区含谷镇中学	62	1
3043	重庆市九龙坡区陶家镇中学	62	1
3044	重庆铁路中学	62	1
3045	重庆市渝高中学校	62	1
3046	重庆市育才中学	62	1
3047	重庆市九龙坡区华岩中学	62	1
3048	建设工业(集团)公司第二中学校	62	1
3049	四川外语学院附属外国语学校	62	1
3050	建设工业集团有限责任公司第一中学校	62	1
3051	重庆市九龙坡区西彭镇第一中学	62	1
3052	重庆市红光中学	62	1
3053	重庆市九龙坡区走马镇中学	62	1
3054	重庆市九龙坡区白市驿镇第一中学	62	1
3055	重庆市西郊实验中学	62	1
3056	重庆市四十七中学	62	1
3057	重庆市九龙坡区巴福镇中学校	62	1
3058	重庆市九龙坡区金凤镇中学	62	1
3059	重庆市六十五中学	62	1
3060	重庆市育才中学校分部	62	1
3061	重庆市九龙外语学校	62	1
3062	重庆市渝西中学	62	1
3063	重庆市九龙坡区石板镇中学校	62	1
3064	西南铝加工厂	62	1
3065	重庆市九龙坡区西彭镇第二中学	62	1
3066	重庆市杨家坪中学	62	1
3067	重庆市九龙坡区东升学校	62	1
3068	重庆市九龙坡区西彭镇第三中学	62	1
3069	重庆市九龙坡区白市驿镇第二中学	62	1
3070	四川省重庆市石板乡中学	62	1
3071	四川省重庆市白市驿镇第二中学	62	1
3072	四川省重庆市白市驿镇第一中学	62	1
3073	四川省重庆市陶家镇中学	62	1
3074	四川省重庆市西彭镇第二中学	62	1
3075	四川省重庆市西彭镇第三中学	62	1
3076	四川省重庆市含谷镇中学	62	1
3077	四川省重庆市金凤镇中学	62	1
3078	四川省重庆市走马镇中学	62	1
3079	四川省重庆市巴福镇中学	62	1
3080	四川省重庆市华岩中学	62	1
3081	四川省重庆市西郊中学	62	1
3082	四川省重庆市铜罐驿镇中学	62	1
3083	四川省重庆市渝西中学	62	1
3084	四川省重庆市西彭镇第一中学	62	1
3085	四川省重庆市石桥铺中学	62	1
3086	四川省重庆市育才中学	62	1
3087	四川省重庆第一二五中学校	62	1
3088	四川省重庆第四十七中学校	62	1
3089	中梁山矿务局第一子弟中学校	62	1
3090	四川省重庆六十五中学校	62	1
3091	四川省重庆市第七十九中学校	62	1
3092	四川省重庆第三十五中学校	62	1
3093	国营重庆造船厂职工子弟学校	63	1
3094	重庆市第八十八初级中学校	63	1
3095	西南计算机工业公司职工子弟学校	63	1
3096	重庆市南岸区长生桥镇第一初级中学校	63	1
3097	重庆市涂山中学校	63	1
3098	重庆市南坪中学校	63	1
3099	重庆市长生桥中学校	63	1
3100	重庆市广益中学校	63	1
3101	重庆市长寿第二中学校	63	1
3102	重庆电力建设总公司子弟中学	63	1
3103	重庆市11中	63	1
3104	辅仁学校	63	1
3105	重庆开明实验学校	63	1
3106	广益中学	63	1
3107	重庆市三十八中学校	63	1
3108	重庆市第三十九中学	63	1
3109	重庆市91中学校	63	1
3110	重庆造船厂子弟校	63	1
3111	重庆长江电工厂子弟校	63	1
3112	明光仪器厂子弟校	63	1
3113	珊瑚中学	63	1
3114	重庆市110中学校	63	1
3115	滨江实验学校	63	1
3116	重庆第二外国语学校	63	1
3117	职工子弟校	63	1
3118	重庆市八十四中学	63	1
3119	重庆第三棉纺织厂子弟中学	63	1
3120	长生桥中学	63	1
3121	南岸区长生桥镇第一初级中学	63	1
3122	重庆水泥厂子弟中学	63	1
3123	重庆市八十八中学	63	1
3124	白沙沱职业中学	63	1
3125	涂山中学	63	1
3126	重庆市第八十四中学校	63	1
3127	重庆市第四中学校	63	1
3128	重庆市广益中学	63	1
3129	重庆市南岸区广阳镇中学	63	1
3130	重庆市南岸区长生桥镇第一社级中学	63	1
3131	重庆市第八十八中学校	63	1
3132	重庆市第十一中学校	63	1
3133	重庆市第九十二中学校	63	1
3134	重庆市第三十八中学校	63	1
3135	重庆市第一一零中学校	63	1
3136	重庆市第十七中学校	63	1
3137	重庆市第一二三中学校	63	1
3138	重庆市第九十一中学校	63	1
3139	重庆市第三十九中学校	63	1
3140	重庆市南坪实验中学校	63	1
3141	重庆市北碚区实验中学校	64	1
3142	重庆市北碚区东阳初级中学	64	1
3143	重庆市兼善中学	64	1
3144	重庆电机厂职工子弟中学	64	1
3145	重庆市北碚区静观中学样	64	1
3146	重庆市朝阳中学	64	1
3147	重庆长松学校	64	1
3148	重庆市北碚区复兴镇初级中学校	64	1
3149	北碚区静观镇第二初级中学校	64	1
3150	西南师范学院附属中学	64	1
3151	重庆第二十四中学	64	1
3152	西南师范大学外语学院附属北碚外语校	64	1
3153	重庆市北碚区天府中学	64	1
3154	重庆市北碚区石坝镇初级中学校	64	1
3155	重庆市第四十八中学	64	1
3156	重庆市第122中学校	64	1
3157	重庆市北碚区志成学校	64	1
3158	北碚静观镇第一初级中学校	64	1
3159	重庆市勉仁职业中学校	64	1
3160	重庆市北碚区莲华中学	64	1
3161	重庆市北碚区偏初级中学	64	1
3162	重庆市北碚区科技学校	64	1
3163	重庆第一一八中学校	64	1
3164	重庆市北碚区柳荫中学校	64	1
3165	重庆市第二十三中学校	64	1
3166	重庆市夏坝中学	64	1
3167	北碚区水土镇第一初级中学校	64	1
3168	重庆第117中学校	64	1
3169	重庆市江北中学校	64	1
3170	重庆市北碚磨滩中学	64	1
3171	重庆市北碚区三圣镇初级中学校	64	1
3172	天府矿务局第三子弟中学	64	1
3173	重庆市120中学	64	1
3174	重庆第121中学校	64	1
3175	北碚区水土镇第二初级中学校	64	1
3176	重庆市北碚区静观中学校	64	1
3177	重庆市北碚区莲华中学校	64	1
3178	重庆市第一二０中学校	64	1
3179	重庆市第一二二中学校	64	1
3180	重庆市第一一六中学校	64	1
3181	重庆市文星中学校	64	1
3182	重庆市第一一八中学校	64	1
3183	重庆市第二十四中学校	64	1
3184	重庆市第121中学校	64	1
3185	重庆市第23中学校	64	1
3186	重庆市北碚区科技中学	64	1
3187	红岩机器厂子弟学校	64	1
3188	重庆市第四十九中学	65	1
3189	重庆市万盛区东林初级中学校	65	1
3190	重庆市万盛区南桐镇初级中学校	65	1
3191	重庆市第五十中学校	65	1
3192	重庆市万盛区高级中学校	65	1
3193	重庆市万盛区丛林镇初级中学校	65	1
3194	重庆市第一0五初级中学校	65	1
3195	重庆市万盛区关坝镇初级中心校	65	1
3196	重庆市第一一五中学校	65	1
3197	重庆市南桐中学	65	1
3198	重庆市景星初级中学校	65	1
3199	重庆市万盛区红岩学校	65	1
3200	重庆市万盛区石林镇初级中学校	65	1
3201	重庆市万盛区金桥乡初级中学	65	1
3202	重庆晋林机械厂子弟学校	65	1
3203	重庆市万盛区南大门初级中学校	65	1
3204	重庆市第一0四中学	65	1
3205	重庆市第一0六中学校	65	1
3206	重庆市双桥中学	66	1
3207	重庆市双桥区双路中学	66	1
3208	重庆重型汽车集团有限责任公司子弟中学	66	1
3209	重庆皇冠实验中学	67	1
3210	重庆市渝北区沙坪初级中学校	67	1
3211	重庆市渝北区渝汉初级中学校	67	1
3212	重庆市渝北区回兴初级中学校	67	1
3213	重庆市松树桥中学校	67	1
3214	重庆市暨华中学	67	1
3215	重庆市渝北区龙山中学校	67	1
3216	重庆市渝北区两路中学校	67	1
3217	重庆市渝北区晚晴中学校	67	1
3218	重庆市渝北区菁华学校	67	1
3219	重庆市育仁中学校	67	1
3220	重庆市渝北区实验中学校	67	1
3221	重庆市渝北区永庆初级中学校	67	1
3222	重庆市渝北区人和初级中学	67	1
3223	重庆市华蓥中学校	67	1
3224	重庆市渝北区礼嘉镇初级中学校	67	1
3225	重庆市渝北区木耳镇初级中学校	67	1
3226	重庆市渝北区石船初级中学校	67	1
3227	重庆渝北区鸳鸯初级中学校	67	1
3228	四川石油管理局川东钻探公司子弟学校	67	1
3229	重庆市渝北区龙兴镇初级中学校	67	1
3230	重庆市渝北区沙坪镇初级中学校	67	1
3231	重庆市渝北区古路镇初级中学校	67	1
3232	重庆市龙湖花园巴蜀学校	67	1
3233	重庆市南华中学	67	1
3234	重庆市渝北区渝石初级中学校	67	1
3235	重庆市渝北区舒家镇初级中学校	67	1
3236	重庆川庆化工厂子弟校	67	1
3237	重庆市渝北区洛碛初级中学校	67	1
3238	重庆市渝北区大竹林镇初级中学	67	1
3239	重庆市渝北中学校	67	1
3240	重庆渝北区中坪初级中学校	67	1
3241	重庆渝北区大盛初级中学校	67	1
3242	渝北区两岔初级中学校	67	1
3243	重庆渝北区大盛镇东山中学校	67	1
3244	重庆市渝北区石坪镇初级中学校	67	1
3245	重庆渝北区统景初级中学校	67	1
3246	重庆市渝北区悦来镇初级中学	67	1
3247	重庆市渝北区中河镇初级中学校	67	1
3248	重庆市渝北区茨竹初级中学校	67	1
3249	重庆市渝北区洛碛初级中学校太洪点校	67	1
3250	重庆市渝北区沙地初级中学校	67	1
3251	重庆渝北区天堡寨镇初级中学校	67	1
3252	重庆市渝北区兴隆初级中学	67	1
3253	重庆渝北区明月初级中学校	67	1
3254	重庆渝北区渝江初级中学	67	1
3255	重庆渝北区大湾镇初级中学校	67	1
3256	重庆市渝北区石鞋镇初级中学校	67	1
3257	重庆市渝北区王家中学	67	1
3258	重庆市渝北区仁睦初级中学校	67	1
3259	重庆市渝北区黄印乡初级中学校	67	1
3260	重庆市一中寄宿学校	67	1
3261	重庆市渝北区王家初级中学	67	1
3262	重庆市渝北区麻柳沱镇初级中学校	67	1
3263	重庆市渝北区高嘴初级中学校	67	1
3264	重庆渝北区隆仁初级中学校	67	1
3265	重庆市渝北区龙安乡初级中学校	67	1
3266	重庆市巴南区二圣镇初级中学校	68	1
3267	重庆市巴南区慕禹初级中学校	68	1
3268	重庆市巴南区二圣镇天坪初级中学校	68	1
3269	重庆市接龙中学校	68	1
3270	重庆市巴南区一品镇初级中学校	68	1
3271	重庆市巴南区跳石镇初级中学校	68	1
3272	重庆市巴南区双河口镇羊鹿初级中学校	68	1
3273	重庆市巴南区先华中学	68	1
3274	重庆市巴南区公平镇初级中学校	68	1
3275	重庆市第十中学校	68	1
3276	重庆市鱼洞中学	68	1
3277	巴南区木洞镇青山初级中学校	68	1
3278	重庆市巴南区东泉镇东泉学校	68	1
3279	重庆市巴南区实验中学	68	1
3280	重庆市界石中学校	68	1
3281	重庆市巴县中学校	68	1
3282	重庆大江中学	68	1
3283	巴南区木洞镇初级中学校	68	1
3284	重庆市巴南区南华学校	68	1
3285	重庆市巴南区第三十四中学校	68	1
3286	重庆市姜家中学	68	1
3287	重庆市巴南区鱼洞大窝初级中学	68	1
3288	重庆市巴南区鱼洞街道办事处百节初级中学	68	1
3289	重庆市巴南区南湖中学	68	1
3290	巴南区石龙镇初级中学	68	1
3291	巴南区麻柳嘴镇初级中学	68	1
3292	重庆市巴南区丰盛镇初级中学	68	1
3293	巴南区安澜镇初级中学	68	1
3294	重庆市巴南区跳石镇陈家初级中学校	68	1
3295	重庆市巴南区界石镇初级中学校	68	1
3296	重庆市巴南区南泉镇鹿角初级中学校	68	1
3297	重庆市巴南区石龙镇花石初级中学	68	1
3298	重庆市巴南区惠民镇初级中学校	68	1
3299	重庆市土桥中学校	68	1
3300	巴南区接龙镇小观初级中学	68	1
3301	巴南区凉水中学	68	1
3302	巴南区龙岗中学	68	1
3303	重庆市巴南区跳石镇圣灯山初级中学校	68	1
3304	重庆市巴南区东泉五布学校	68	1
3305	巴南区仁流初级中学	68	1
3306	重庆市巴南区东泉镇天赐学校	68	1
3307	巴南区白鹤塘初级中学	68	1
3308	巴南区接龙镇双新初级中学	68	1
3309	巴南区石滩镇初级中学校	68	1
3310	重庆市巴南区南彭镇忠心中学	68	1
3311	重庆市巴南区南泉中学校	68	1
3312	重庆市巴南区东泉镇清和学校	68	1
3313	巴南区天星寺镇初级中学校	68	1
3314	重庆市巴南区光彩初级学校	68	1
3315	重庆市巴南区南彭石岗初级中学	68	1
3316	巴南区南龙初级中学	68	1
3317	重庆市巴南区南泉镇中学	68	1
3318	重庆市巴南区光彩中学	68	1
3319	四川省重庆市界石中学	68	1
3320	青山镇和平中学	68	1
3321	青山镇青山中学	68	1
3322	黔江区南海初级中学校	69	1
3323	黔江区白石初级中学校	69	1
3324	黔江区金溪初级中学校	69	1
3325	黔江区黑溪初级中学校	69	1
3326	黔江区平坝初级中学校	69	1
3327	黔江区鹅池初级中学校	69	1
3328	黔江区马喇初级中学校	69	1
3329	黔江区官渡初级中学校	69	1
3330	重庆市黔江区人民中学校	69	1
3331	黔江区黔州初级中学校	69	1
3332	黔江区两河初级中学校	69	1
3333	重庆市黔江区石会中学校	69	1
3334	重庆市黔江民族中学校	69	1
3335	黔江区黄溪初级中学校	69	1
3336	重庆市黔江区濯水中学校	69	1
3337	重庆市清华中学校	69	1
3338	重庆市黔江中学校	69	1
3339	重庆市人和中学	69	1
3340	重庆市青木关中学	69	1
3341	黔江区民族中学校	69	1
3342	重庆市茄子溪中学	69	1
3343	黔江区冯家中学	69	1
3344	黔江区官渡中学	69	1
3345	黔江区白土乡私立中学	69	1
3346	黔江区黑溪中学校	69	1
3347	黔江区舟白镇平坝中学	69	1
3348	重庆黔江新华中学校	69	1
3349	黔江区马喇初级中学	69	1
3350	黔江区金溪镇初级中学	69	1
3351	黔江区黎水镇中心校	69	1
3352	黔江区石会中学校	69	1
3353	黔江区黔洲初级中学	69	1
3354	黔江区濯水中学校	69	1
3355	黔江区民族职业中学	69	1
3356	黔江区白石乡中学	69	1
3357	黔江区鹅池中学校	69	1
3358	黔江区石家初级中学校	69	1
3359	黔江区中学校	69	1
3360	黔江区太极职业中学	69	1
3361	黔江区两河镇中学	69	1
3362	黔江区小南海镇初级中学校	69	1
3363	黔江县金溪乡中学校	69	1
3364	黔江县白石乡中学校	69	1
3365	黔江县县坝乡平坝中学校	69	1
3366	黔江县石家中学校	69	1
3367	黔江县濯水中学校	69	1
3368	黔江县黄溪中学校	69	1
3369	黔江县石会中学校	69	1
3370	黔江县两河中学校	69	1
3371	黔江县冯家中学校	69	1
3372	黔江县城厢中学校	69	1
3373	黔江县联合镇中学校	69	1
3374	黔江县民族中学校	69	1
3375	四川省黔江中学校	69	1
3376	黔江县新华中学校	69	1
3377	黔江县马喇中学校	69	1
3378	长寿县狮子滩镇初级中学校	70	1
3379	长寿县海棠镇初级中学校	70	1
3380	长寿化工总厂子弟学校	70	1
3381	长寿县新市镇初级中学校	70	1
3382	重庆市长寿县葛兰中学校	70	1
3383	长寿渡舟中学校	70	1
3384	长寿县沙石镇初级中学校	70	1
3385	长寿县天台乡初级中学	70	1
3386	长寿县电化教育馆	70	1
3387	长寿县双龙中学校	70	1
3388	长寿县付何镇初级中学校	70	1
3389	重庆长寿县第二中学	70	1
3390	长寿县华中乡初级中学	70	1
3391	长寿县龙溪中学校	70	1
3392	长寿县教学仪器站	70	1
3393	长寿县晏家镇中学	70	1
3394	四川维尼纶厂子弟中学	70	1
3395	重庆长寿县第一中学校	70	1
3396	长寿县万顺镇初级中学	70	1
3397	长寿县邻封镇初级中学	70	1
3398	长寿县石堰镇中学	70	1
3399	长寿县石回乡初级中学校	70	1
3400	长寿扇沱乡初级中学校	70	1
3401	长寿县称沱镇初级中学	70	1
3402	重庆市长寿中学	70	1
3403	长寿县晏家镇十字中学校	70	1
3404	长寿县三平乡初级中学校	70	1
3405	长寿县云台中学校	70	1
3406	长寿县八颗镇初级中学校	70	1
3407	长寿县凤城镇桃花溪初级中学校	70	1
3408	长寿县大坝乡初级中学校	70	1
3409	长寿县乐温乡初级中学校	70	1
3410	长寿县大洪河中学	70	1
3411	长寿县凤城镇古佛初级中学校	70	1
3412	长寿县狮子滩镇罗山初级中学	70	1
3413	长寿县朱家镇新沙初级中学校	70	1
3414	长寿县江南镇初级中学校	70	1
3415	长寿县罗围乡初级中学	70	1
3416	长寿县飞龙乡初级中学	70	1
3417	长寿县合兴乡初级中学校	70	1
3418	长寿县黄桷乡初级中学校	70	1
3419	长寿县凤城镇复元初级中学	70	1
3420	长寿县朱家镇初级中学校	70	1
3421	长寿县芦池乡初级中学	70	1
3422	长寿县焦家乡初级中学校	70	1
3423	长寿县义和乡初级中学	70	1
3424	长寿县但渡镇初级中学校	70	1
3425	长寿县万顺镇东风初级中学	70	1
3426	长寿县三好中学	70	1
3427	长寿县凤城镇复元中学	70	1
3428	长寿县三平乡中学校	70	1
3429	长寿县天台乡中学校	70	1
3430	长寿县称沱镇中学校	70	1
3431	长寿县大洪河中学校	70	1
3432	长寿县云台镇云台中学校	70	1
3433	长寿县石堰镇中学校	70	1
3434	长寿县江南镇大堡中学校	70	1
3435	长寿县江南镇中学校	70	1
3436	长寿县晏家中学校	70	1
3437	长寿县葛兰中学校	70	1
3438	长寿县狮子滩镇罗山中学校	70	1
3439	长寿县凤城镇桃花溪中学校	70	1
3440	长寿县第二中学校	70	1
3441	长寿县凤城中学校	70	1
3442	长寿中学校	70	1
3443	长寿化工总厂化工子弟学校	70	1
3444	江津市先锋镇初级中学校	71	1
3445	江津市石门镇初级中学校	71	1
3446	江津市中山镇初级中学校	71	1
3447	江津市广兴镇初级中学校	71	1
3448	江津市朱杨镇初级中学校	71	1
3449	江津市仁沱镇初级中学校	71	1
3450	江津市滩盘镇初级中学校	71	1
3451	江津市李市镇初级中学校	71	1
3452	重庆市江津李市中学校	71	1
3453	重庆市江津第二中学校	71	1
3454	江津市实验中学校	71	1
3455	几江街道办事处琅山中学	71	1
3456	重庆市江津聚奎中学校	71	1
3457	江津市笋溪中学校	71	1
3458	江津市几江中学校	71	1
3459	江津市李市中学校	71	1
3460	江津市夹滩镇初级中学校	71	1
3461	重庆江津市金龙中学校	71	1
3462	江津市吴滩中学校	71	1
3463	江津市杜市中学校	71	1
3464	江津市白沙镇高屋初级中学校	71	1
3465	江津市石蟆中学校	71	1
3466	江津市珞璜镇中学校	71	1
3467	江津市白沙镇三口中学校	71	1
3468	江津市大桥镇初级中学校	71	1
3469	江津市龙门中学校	71	1
3470	江津市嘉平镇初级中学校	71	1
3471	江津市德感镇圣泉初级中学校	71	1
3472	重庆市江津中学校	71	1
3473	江津市西湖镇初级中学校	71	1
3474	重庆江津市柏林中学校	71	1
3475	江津市骆崃山镇初级中学校	71	1
3476	江津市镇泰中学	71	1
3477	吴市镇初级中学校	71	1
3478	江津市德感镇初级中学校	71	1
3479	江津市珞璜镇和平中学	71	1
3480	江津市羊石镇初级中学	71	1
3481	江津白沙中学校	71	1
3482	江津市珞璜镇马宗中学	71	1
3483	江津市鹅公镇初级中学校	71	1
3484	江津市罗坝镇初级中学校	71	1
3485	江津市贾嗣镇初级中学校	71	1
3486	江津市傅家镇初缘中学校	71	1
3487	吴市镇碑槽初级中学校	71	1
3488	江津市双福镇初级学校	71	1
3489	江津市双福镇享堂初级中学	71	1
3490	重庆市江津第四中学校	71	1
3491	江津市夹滩镇金泉初级中学校	71	1
3492	江津市中山镇嘉乐初级中学校	71	1
3493	江津市金刚镇初级中学	71	1
3494	江津市油溪中学校	71	1
3495	江津市塘河镇中学校	71	1
3496	江津市蔡家镇清溪沟初级中学校	71	1
3497	江津市慈云镇第二初级中学校	71	1
3498	江津市白沙镇河口中学校	71	1
3499	江津市杜市镇高歇中学校	71	1
3500	永兴镇初级中学校	71	1
3501	江津市蔡家镇紫云中学校	71	1
3502	江津市德感镇长冲初级中学校	71	1
3503	江津市石蟆镇仙鱼初级中学校	71	1
3504	江津市德感镇临峰初级中学校	71	1
3505	江津市龙吟镇初级中学校	71	1
3506	江津市夏坝镇初级中学校	71	1
3507	江津市柏林中学校东胜教学点	71	1
3508	重庆市江津珞璜镇仁沱中学	71	1
3509	江津市慈云镇第一初级中学	71	1
3510	江津市石门镇秦家初级中学校	71	1
3511	江津市嘉平镇月沱中学校	71	1
3512	江津市仁沱镇支坪初级中学校	71	1
3513	江津市石蟆镇稿子初级中校	71	1
3514	江津市四面山镇中学校	71	1
3515	吴滩镇现龙初级中学校	71	1
3516	江津市双福镇津福初级中学	71	1
3517	江津市鹅公乡中学	71	1
3518	江津市仁沱中学	71	1
3519	江津市龙吟镇中学	71	1
3520	江津市四面山镇四面中学	71	1
3521	江津市四面山镇中学	71	1
3522	江津市白沙镇高屋中学	71	1
3523	江津市白沙中学校	71	1
3524	江津市金龙中学	71	1
3525	江津市珞璜镇中学	71	1
3526	四川省江津市柏林中学校	71	1
3527	四川省江津市杜市中学校	71	1
3528	四川省江津市龙门中学校	71	1
3529	四川省江津市石蟆中学校	71	1
3530	江津市笋溪中学	71	1
3531	四川省江津市李市中学	71	1
3532	江津市第四中学	71	1
3533	江津市聚奎中学	71	1
3534	四川省江津市吴滩中学	71	1
3535	四川省江津市油溪中学	71	1
3536	四川省江津市第二中学	71	1
3537	四川省江津市西郊中学	71	1
3538	江津市工交中学校	71	1
3539	四川省江津中学校	71	1
3540	四川省江津市几江中学	71	1
3541	江津广宇学校	71	1
3542	合川市三汇汇北初级中学校	72	1
3543	合川市土主初级中学校	72	1
3544	合川市南屏初级中学	72	1
3545	合川市太和中学校	72	1
3546	合川市小沔中学校	72	1
3547	合川市合隆镇初级中学校	72	1
3548	合川市龙凤初级中学校	72	1
3549	合川市沙鱼镇初级中学校	72	1
3550	合川市渭沱镇初级中学校	72	1
3551	合川市凉亭初级中学校	72	1
3552	合川市东津沱初级中学	72	1
3553	合川市铜溪镇中学	72	1
3554	合川市行知职业中学	72	1
3555	合川市隆兴镇初级中学校	72	1
3556	重庆市合川中学	72	1
3557	合川市盐井中学	72	1
3558	合川市合阳中学	72	1
3559	重庆市合川大石中学	72	1
3560	合川市育才学校	72	1
3561	合川市龙市中学	72	1
3562	合川市太和中学	72	1
3563	合川市瑞山中学	72	1
3564	合川市钱塘中学	72	1
3565	合川市码头镇初级中学	72	1
3566	合川市狮滩镇初级中学校	72	1
3567	合川市高龙初级中学校	72	1
3568	合川市七间中学	72	1
3569	合川市双凤初级中学校	72	1
3570	合川市香龙镇初级中学校	72	1
3571	合川市官渡中学	72	1
3572	合川市二郎镇初级中学校	72	1
3573	合川市北门初级中学	72	1
3574	合川市燕窝中学	72	1
3575	合川市张桥镇初级中学校	72	1
3576	合川市云门中学校	72	1
3577	合川市清平中学	72	1
3578	合川市油桥镇初级中学校	72	1
3579	合川市东渡初级中学	72	1
3580	重庆市合川钱搪镇成人教育学校	72	1
3581	合川市五尊初级中学校	72	1
3582	合川市三汇初级中学校	72	1
3583	合川市三庙镇初级中学校	72	1
3584	合川市渝南职业中学	72	1
3585	合川市思居初级中学	72	1
3586	合川市尖山镇初级中学校	72	1
3587	合川市涞滩镇初级中学校	72	1
3588	合川市金子镇初级中学校	72	1
3589	合川市天星初级中学	72	1
3590	合川市肖家镇初级中学校	72	1
3591	合川市古楼初级中学校	72	1
3592	合川市渭溪镇中学	72	1
3593	合川市黄土初级中学校	72	1
3594	合川市工读学校	72	1
3595	合川市九岭乡中学	72	1
3596	合川市皂角镇中学	72	1
3597	合川市张桥镇中学	72	1
3598	合川市渭沱中学	72	1
3599	合川市合隆镇中学	72	1
3600	合川市大石中学	72	1
3601	合川市第二中学校	72	1
3602	重庆第四棉纺织厂职工子弟学校	72	1
3603	永川市大安镇大安初级中学校	73	1
3604	永川市金龙镇普莲初级中学校	73	1
3605	永川市金龙镇初级中学校	73	1
3606	永川市松既镇初级中学校	73	1
3607	永川市北山中学校	73	1
3608	永川振兴学校	73	1
3609	永川市临江镇初级中学校	73	1
3610	重庆市永川萱花中学校	73	1
3611	永川市陈食镇初级中学校	73	1
3612	永川市中山中学校	73	1
3613	永川市卧龙中学校	73	1
3614	永川市双竹镇双竹初级中学校	73	1
3615	永川市来苏镇初级中学校	73	1
3616	永川市三教镇初级中学校	73	1
3617	永荣矿务局第四中学校	73	1
3618	永川市万寿镇初级中学	73	1
3619	永川北山中学	73	1
3620	永川实验中学校	73	1
3621	永川第九中学校	73	1
3622	永川市花桥镇初级中学	73	1
3623	永川市双竹镇石脚初级中学校	73	1
3624	永川市青峰镇中学校	73	1
3625	永川市朱沱镇二郎山初级中学校	73	1
3626	永川市双石镇双石初级中学	73	1
3627	永川市茶店镇初级中学校	73	1
3628	永川市永荣镇初级中学校	73	1
3629	永川市仙龙镇大磨初级中学校	73	1
3630	永川市第七中学校	73	1
3631	永川市第五中学校	73	1
3632	永川市莲花镇中学	73	1
3633	重庆师范专科学校附属中学校	73	1
3634	永川市仙龙镇仙龙初级中学	73	1
3635	永川市何埂镇何埂初级中学校	73	1
3636	永川市石竹镇初级中学校	73	1
3637	永川市寿永镇初级中学校	73	1
3638	永川市双石镇太平初级中学校	73	1
3639	永川市大河乡初级中学校	73	1
3640	永川市张家镇张家初级中学校	73	1
3641	永川市宝峰镇登东山初级中学校	73	1
3642	重庆市永川中学校	73	1
3643	永川市永隆镇初级中学校	73	1
3644	永川市红炉镇红炉初级中学校	73	1
3645	永川市张家镇粉店初级中学	73	1
3646	永川市大南初级中学校	73	1
3647	永川市黄瓜山镇黄文初级中学校	73	1
3648	永川市来苏镇中学校	73	1
3649	永川市西北初中	73	1
3650	永川市第六中学校	73	1
3651	永川市涨谷乡初级中学校	73	1
3652	永川市朱沱镇四明中学	73	1
3653	永川市板桥镇初级中学校	73	1
3654	永川市吉安镇中学	73	1
3655	永川市青城中学	73	1
3656	永川市陈食镇两河初级中学校	73	1
3657	永川市宝峰镇初级中学校	73	1
3658	永川市小南中学	73	1
3659	永川市何埂镇水碾初级中学校	73	1
3660	永川市东南初级中学校	73	1
3661	永川市聚美镇初级中学校	73	1
3662	永川市朱沱镇跃龙中学	73	1
3663	永川市大河镇江永初级中学校	73	1
3664	永川市红炉镇新店初级中学校	73	1
3665	永川市莲花乡中学	73	1
3666	南川市安坪学校	74	1
3667	南川市铁村乡初级中学校	74	1
3668	南川市南平镇初级中学校	74	1
3669	南川市大观镇初级中学校	74	1
3670	南川市隆化镇西胜初级中学校	74	1
3671	南川市水江镇初级中学校	74	1
3672	南川市河图乡初级中学校	74	1
3673	南川市城一中学校	74	1
3674	南川市冷水关乡初级中学校	74	1
3675	南川市兴南中学	74	1
3676	南川市第一中学校	74	1
3677	重庆南川市第三中学校	74	1
3678	南川市私立振兴中学校	74	1
3679	南川水江中学校	74	1
3680	南川市道南中学	74	1
3681	南川中学校	74	1
3682	南川市鸣玉中学校	74	1
3683	骑龙乡柏林私立初中	74	1
3684	南川市隆化镇东胜初极中学校	74	1
3685	南川市隆化中学校	74	1
3686	南川市小河中学校	74	1
3687	南川市隆化镇北固初极中学校	74	1
3688	南川市福寿乡初级中学校	74	1
3689	南川市隆化镇中学校	74	1
3690	南川市水江中学校	74	1
3691	南川市南川中学校	74	1
3692	綦江县莲石乡初级中学	75	1
3693	綦江县篆塘镇初级中学	75	1
3694	綦江县永新镇罗家初级中学	75	1
3695	綦江县永新镇新建初级中学	75	1
3696	綦江县篆塘镇盖石初级中学	75	1
3697	綦江县东溪镇柴坝初级中学	75	1
3698	綦江县赶水镇初级中学	75	1
3699	綦江县羊角乡初级中学	75	1
3700	綦江县郭扶镇骑龙初级中学	75	1
3701	綦江县永新镇升平初级中学	75	1
3702	綦江县三角镇吉安初级中学	75	1
3703	綦江县横山乡初级中学	75	1
3704	綦江诚信学校	75	1
3705	学习科学綦江实验学校	75	1
3706	綦江县赶水镇教育办公室	75	1
3707	重庆市綦江县隆盛中学	75	1
3708	綦江齿轮厂子弟校	75	1
3709	重庆市綦江县永新中学	75	1
3710	綦江县扶欢镇初级中学	75	1
3711	重庆市綦江县东溪中学	75	1
3712	重庆市綦江县石角中学	75	1
3713	綦江县铺河初级中学	75	1
3714	重庆市綦江县东溪织业中学	75	1
3715	重庆市綦江县中学	75	1
3716	綦江县文龙初级中学	75	1
3717	綦江县镇紫镇初级中学	75	1
3718	綦江县北渡初级中学	75	1
3719	綦江县石壕镇天池学校	75	1
3720	綦江县乐兴镇初级中学	75	1
3721	重庆市綦江县古南中学	75	1
3722	重庆市綦江县郭扶中学	75	1
3723	綦江县松藻学校	75	1
3724	重庆市綦江县城郊中学	75	1
3725	重庆市綦江县三角中学	75	1
3726	綦江县杨地湾学校	75	1
3727	綦江县东溪镇永久初级中心学	75	1
3728	綦江县三江学校	75	1
3729	綦江县打通中学	75	1
3730	綦江县打通镇初级中学	75	1
3731	綦江县古南镇通惠初级中学	75	1
3732	重钢四厂子弟校	75	1
3733	綦江县安稳镇初级中学	75	1
3734	綦江县石角镇新民初级中学	75	1
3735	綦江县打通高级中学	75	1
3736	綦江县古南镇桥河初级中学	75	1
3737	綦江县蓬春学校	75	1
3738	綦江县石壕镇羊叉初级中学	75	1
3739	綦江县小鱼沱学校	75	1
3740	綦江县赶水镇适中分校	75	1
3741	重庆冶炼集团公司子弟校	75	1
3742	綦江县三江镇初级中学	75	1
3743	綦江县三江镇古剑中学	75	1
3744	綦江县三会初级中学	75	1
3745	綦江县高庙乡初级中学	75	1
3746	綦江县紫荆乡初级中学	75	1
3747	綦江县万兴初级中学	75	1
3748	綦江县古南镇登赢初级中学	75	1
3749	綦江县土台镇初级中学	75	1
3750	綦江县永城镇初级中学	75	1
3751	綦江县新胜镇初级中学	75	1
3752	綦江县高青乡初级中学	75	1
3753	重庆市綦江县赶水中学	75	1
3754	綦江县盖石初级中学	75	1
3755	綦江县隆盛镇莲石中学	75	1
3756	綦江县金鸡岩学校	75	1
3757	綦江县石角镇瀛山初级中学	75	1
3758	重庆市綦江县石壕中学	75	1
3759	綦江县丁山镇初级中学	75	1
3760	綦江县石角镇赢坪初级中学	75	1
3761	綦江县中峰镇初级中学	75	1
3762	綦江县赶水镇藻渡初级中学	75	1
3763	綦江县新胜镇正自初级中学	75	1
3764	綦江县篆塘镇初级中学分水分校	75	1
3765	綦江县大罗乡初级中学	75	1
3766	綦江县石壕镇万隆初级中学	75	1
3767	綦江县东溪镇福林初级中学	75	1
3768	綦江县石壕中学	75	1
3769	綦江县三角中学	75	1
3770	松藻矿务局松藻煤矿中学	75	1
3771	綦江县东溪中学	75	1
3772	綦江县城郊中学	75	1
3773	綦江县古南中学	75	1
3774	綦江县隆盛中学	75	1
3775	松藻矿务局石壕煤矿职工子弟学校	75	1
3776	綦江县中峰镇中学校	75	1
3777	松藻矿务局打通二煤矿职工子弟学校	75	1
3778	潼南县龙项乡初级中学校	76	1
3779	潼南县太安镇前进初级中学校	76	1
3780	潼南县新胜镇初级中学校	76	1
3781	潼南县桂林镇新林初级中学校	76	1
3782	潼南县大佛初级中学校	76	1
3783	潼南县梓潼镇东升初级中学校	76	1
3784	重庆市潼南塘坝中学校	76	1
3785	重庆市潼南古溪中学校	76	1
3786	潼南县宝龙镇中学	76	1
3787	潼南县玉溪镇初级中学校	76	1
3788	潼南县柏梓镇初级中学校	76	1
3789	潼南县梓潼镇莲花初级中学校	76	1
3790	潼南县弘光中学	76	1
3791	潼南县太安镇初级中学校	76	1
3792	潼南县双江镇初级中学校	76	1
3793	潼南县崇龛镇初级中学校	76	1
3794	潼南县塘坝镇永康初级中学校	76	1
3795	潼南县米心镇初级中学校	76	1
3796	潼南县卧佛镇初级中学校	76	1
3797	重庆市潼南柏梓中学校	76	1
3798	潼南县群力镇初级中学校	76	1
3799	潼南县新华镇初级中学校	76	1
3800	潼南县上和初级中学校	76	1
3801	潼南县塘坝镇康乐初级中学校	76	1
3802	潼南县古溪镇初级中学校	76	1
3803	潼南县飞跃镇初级中学校	76	1
3804	潼南县永安乡初级中学校	76	1
3805	潼南县双江初级中学校	76	1
3806	潼南县安兴乡初级中学校	76	1
3807	潼南县塘坝镇初级中学校	76	1
3808	潼南县上和镇初级中学校	76	1
3809	潼南县文明乡初级中学校	76	1
3810	潼南县塘坝镇胜利初级中学校	76	1
3811	潼南县红花乡初级中学校	76	1
3812	潼南县小渡初级中学校	76	1
3813	潼南县梓潼镇北禅中学	76	1
3814	潼南县卧佛初级中学校	76	1
3815	潼南县梓潼镇哨楼初级中学校	76	1
3816	潼南县玉溪初级中学校	76	1
3817	潼南县崇龛镇红星初级中学校	76	1
3818	潼南县卧佛区中学校	76	1
3819	潼南县塘坝镇中学校	76	1
3820	潼南县塘坝中学校	76	1
3821	四川省潼南柏梓中学校	76	1
3822	潼南县双江镇城西中学校	76	1
3823	潼南县双江镇中学校	76	1
3824	潼南县宝龙镇柏果中学校	76	1
3825	四川潼南古溪中学校	76	1
3826	潼南县梓潼镇莲花中学校	76	1
3827	潼南县中学校	76	1
3828	潼南县勤工建学领导小组办公室	76	1
3829	潼南县梓潼中学	76	1
3830	潼南县龙形镇初级中学校	77	1
3831	潼南县金龙实验学校	77	1
3832	铜梁县土桥镇初级中学校	77	1
3833	重庆市铜梁巴川中学校	77	1
3834	重庆市潼南中学校	77	1
3835	重庆市潼南梓潼中学校	77	1
3836	潼南县梓潼镇四方初级中学校	77	1
3837	潼南县小渡镇初级中学校	77	1
3838	铜梁县侣俸初级中学校	77	1
3839	铜梁县巴川初级中学校	77	1
3840	铜梁县大庙镇初级中学校	77	1
3841	铜梁县巴川镇南城中学校	77	1
3842	铜梁县旧县初级中学校	77	1
3843	铜梁县中学校	77	1
3844	铜梁县虎峰镇初级中学校	77	1
3845	铜梁县二中	77	1
3846	铜梁县一中	77	1
3847	铜梁县巴川镇西北初级中学	77	1
3848	铜梁县围龙镇中学	77	1
3849	铜梁县西河镇初级中学校	77	1
3850	铜梁县关溅中学校	77	1
3851	铜梁县太平镇初级中学校	77	1
3852	铜梁县全德镇初级中学	77	1
3853	铜梁县蒲吕初级中学校	77	1
3854	铜梁县华兴镇初级中学校	77	1
3855	铜梁县斑竹乡初级中学校	77	1
3856	铜梁县二坪镇初级中学校	77	1
3857	铜梁县福果镇初级中学校	77	1
3858	铜梁县巴川镇东城初级中学校	77	1
3859	铜梁县永嘉镇初级中学校	77	1
3860	铜梁县岚峰乡初级中学校	77	1
3861	铜梁县石鱼镇初级中学	77	1
3862	铜梁县安溪镇初级中学校	77	1
3863	铜梁县高楼镇初级中学校	77	1
3864	铜梁县双山乡初级中学校	77	1
3865	铜梁县小林乡初级中学校	77	1
3866	铜梁县庆隆乡初级中学校	77	1
3867	铜梁县白羊镇初级中学	77	1
3868	铜梁县维新镇初级中学校	77	1
3869	铜梁县新复乡初级中学校	77	1
3870	铜梁县西河镇中学	77	1
3871	铜梁县安溪镇中学	77	1
3872	铜梁县高楼镇中学	77	1
3873	铜梁县福果镇中学	77	1
3874	铜梁县平滩镇白鹤中学	77	1
3875	铜梁县旧县镇中学	77	1
3876	铜梁县庆隆乡中学	77	1
3877	万县市武陵中学	77	1
3878	万县市凉风中学	77	1
3879	万县市五桥区鱼泉中学	77	1
3880	铜梁县水口镇中学校	77	1
3881	万县市天城区三正镇三正中学	77	1
3882	铜梁县关溅中学	77	1
3883	万县中学	77	1
3884	万县市第二中学	77	1
3885	万县市实验中学	77	1
3886	万县市五桥区龙驹中学	77	1
3887	万县市五桥区新田中学	77	1
3888	铜梁县铜郭中学	77	1
3889	万县市熊家中学	77	1
3890	万县市沙河中学	77	1
3891	万县市分水中学	77	1
3892	万县市第三中学	77	1
3893	万县市清泉中学	77	1
3894	万县市响水中学	77	1
3895	万县市第一中学	77	1
3896	万县市五桥区第五中学	77	1
3897	万县市中山学校	77	1
3898	畹町市混板民族中学	77	1
3899	畹町中学	77	1
3900	大足县中敖镇初级中学	78	1
3901	大足县铁山镇初级中学校	78	1
3902	大足县三驱镇石桌初级中学校	78	1
3903	大足县沙坝乡初级中学	78	1
3904	大足县万古镇新石初级中学校	78	1
3905	大足县古龙乡初级中学	78	1
3906	大足县龙石镇初级中学校	78	1
3907	大足县龙水镇龙西初级中学校	78	1
3908	大足县回龙镇初级中学校	78	1
3909	大足县化龙乡初级中学	78	1
3910	大足县龙水镇顺龙初级中学校	78	1
3911	大足县龙水镇沙桥初级中学校	78	1
3912	大足县玉龙镇初级中学	78	1
3913	大足县龙水镇平桥初级中学校	78	1
3914	大足县天宝乡初级中学	78	1
3915	大足县三驱镇初级中学校	78	1
3916	大足县宝兴镇初级中学校	78	1
3917	大足县高坪乡初级中学校	78	1
3918	大足县宝山乡初级中学	78	1
3919	大足县高升镇初级中学校	78	1
3920	大足县复隆镇初级中学校	78	1
3921	重庆市大足中学	78	1
3922	大足县育才学校	78	1
3923	大足县龙岗镇城西初级中学	78	1
3924	大足县龙岗镇北山文武学校	78	1
3925	大足县新进学校	78	1
3926	大足县龙岗镇国利中学	78	1
3927	大足县万古镇初级中心	78	1
3928	大足县龙水镇中学	78	1
3929	大足县城南中学	78	1
3930	大足县金山镇世纪星学校	78	1
3931	大足县拾万镇兴旺立学校	78	1
3932	大足县弥陀镇初级中学	78	1
3933	大足县石马镇初级中学	78	1
3934	大足县龙岗镇五星学校	78	1
3935	大足县雍溪镇宏英学校	78	1
3936	大足县龙岗镇新星中学	78	1
3937	大足县万古兴华学校	78	1
3938	大足县中敖镇中学	78	1
3939	大足县三驱镇为塔初级中学	78	1
3940	大足县季家镇初级中学	78	1
3941	大足县双塔中学	78	1
3942	大足县弥陀镇登云初级中学	78	1
3943	大足县雍溪镇初级中学	78	1
3944	大足县珠溪镇土门中学	78	1
3945	大足县龙水中学	78	1
3946	大足县拾万镇初级中学校	78	1
3947	大足县珠溪中学	78	1
3948	大足县万古镇石牛初级中学	78	1
3949	大足县三驱中学	78	1
3950	重庆市大足县龙岗中学	78	1
3951	大足县米粮乡初级中学	78	1
3952	大足县龙岗镇育英学校	78	1
3953	大足县邮亭镇新利初级中学	78	1
3954	大足县邮亭中学	78	1
3955	大足县金山镇初级中学校	78	1
3956	大足县万古中学	78	1
3957	大足县国梁镇初级中学	78	1
3958	大足县邮亭镇子店初级中学校	78	1
3959	大足县邮亭镇初级中学	78	1
3960	大足县元通乡初级中学	78	1
3961	大足县珠溪镇玉滩初级中学	78	1
3962	大足县中学	78	1
3963	大足县龙岗中学	78	1
3964	大足县万古农业中学	78	1
3965	大足县中敖中学	78	1
3966	荣昌县职业高级中学退协初中	79	1
3967	荣昌县仁义镇初级中学	79	1
3968	荣昌县观胜镇初级中学	79	1
3969	荣昌县峰高镇千秋初级中学	79	1
3970	荣昌县峰高镇初级中学	79	1
3971	荣昌县安富镇初级中学	79	1
3972	荣昌县昌元镇玉伍初级中学	79	1
3973	荣昌县铜鼓镇初级中学	79	1
3974	荣昌县五福乡初级中学	79	1
3975	荣昌县吴家镇初级中学	79	1
3976	荣昌县河包镇初级中学	79	1
3977	荣昌县古昌镇初级中学	79	1
3978	荣昌县仁义镇仁北初级中学	79	1
3979	荣昌县仁义镇永林初级中学	79	1
3980	荣昌县远觉镇初级中学	79	1
3981	重庆市荣昌中学	79	1
3982	固原县三营镇第二中学(九年制)	79	1
3983	荣昌县永荣中学	79	1
3984	荣昌仁义中学	79	1
3985	荣昌县盘龙初级中学	79	1
3986	荣昌县昌元镇石河初级中学	79	1
3987	荣昌县昌元镇初级中学	79	1
3988	荣昌县清升镇中学	79	1
3989	荣昌县霞光中学	79	1
3990	荣昌县双河中学校	79	1
3991	清流镇民族中学	79	1
3992	荣昌县龙集镇中学	79	1
3993	荣昌县广顺镇初级中学	79	1
3994	荣昌中学	79	1
3995	清江镇中学校	79	1
3996	荣昌县荣隆初级中学	79	1
3997	荣昌县昌州学校	79	1
3998	重庆益民机械厂子弟中学	79	1
3999	荣昌县昌元镇许溪中学	79	1
4000	荣昌县荣隆镇中学	79	1
4001	荣昌县实验中学	79	1
4002	盘龙镇合靖中学	79	1
4003	荣昌县直升镇中学	79	1
4004	荣昌县仁义镇保安初级中学	79	1
4005	荣昌县远觉镇中学	79	1
4006	荣昌县观胜镇凉坪初级中学	79	1
4007	荣昌县葛桥乡初级中学	79	1
4008	盘龙镇大建中学	79	1
4009	荣昌县路孔镇初级中学	79	1
4010	荣昌县昌元镇新峰初级中学	79	1
4011	荣昌县广顺镇第二初级中学校	79	1
4012	荣昌县双河镇治安中学	79	1
4013	荣昌县十烈初级中学校	79	1
4014	荣昌县双河镇长山中学	79	1
4015	荣昌县仁义镇仁北中学	79	1
4016	荣昌县安富镇中学	79	1
4017	荣昌县中学	79	1
4018	荣昌县仁义中学	79	1
4019	璧山县大路镇初级中学校	80	1
4020	璧山县大兴初级中学校	80	1
4021	璧山县三合镇初级中学校	80	1
4022	璧山县璧城镇璧泉初级中学	80	1
4023	璧山县七塘镇初级中学校	80	1
4024	璧山县广普初级中学校	80	1
4025	璧山县河边初级中学校	80	1
4026	重庆市璧山县新民职业中学	80	1
4027	璧山县健龙乡初级中学	80	1
4028	重庆市璧山来凤中学校	80	1
4029	璧山县依凤乡初级中学	80	1
4030	璧山县正兴镇初级中学校	80	1
4031	璧山县丹凤镇初级中学校	80	1
4032	璧山县丁家镇初级中学	80	1
4033	重庆市璧山实验中学校	80	1
4034	重庆市璧山大路中学校	80	1
4035	璧山县丁家中学	80	1
4036	璧山县马坊镇初级中学校	80	1
4037	璧山县蒲元初级中学校	80	1
4038	璧山县狮子镇初级中学校	80	1
4039	重庆市璧山中学校	80	1
4040	璧山县青杠镇初级中学校	80	1
4041	重庆市璧山县城关初级中学校	80	1
4042	璧山县来凤镇初级中学	80	1
4043	璧山县璧城镇城北初中	80	1
4044	璧山县璧城镇五里初级中学校	80	1
4045	璧山县石院镇初级中学	80	1
4046	璧山县保家镇初级中学	80	1
4047	璧山县福禄镇禄初级中学	80	1
4048	璧山县梅江乡初级中学	80	1
4049	璧山县龙江初级中学	80	1
4050	璧山县八塘镇初级中学	80	1
4051	璧山县五龙乡初级中学校	80	1
4052	璧山县云平乡初级中学校	80	1
4053	璧山县大兴镇大鹏初级中学	80	1
4054	璧山县六塘镇初级中学校	80	1
4055	四川省璧山大路中学	80	1
4056	四川省璧山来凤中学	80	1
4057	四川省璧山中学校	80	1
4058	重庆市梁平县桂香初级中学	81	1
4059	重庆市梁平县云龙中学	81	1
4060	重庆市梁平县阳光学校	81	1
4061	重庆市梁平县红旗中学	81	1
4062	梁平县阳光中学校	81	1
4063	重庆市梁平县中城初级中学	81	1
4064	梁平县双桂中学	81	1
4065	梁平县仁贤镇初级中学	81	1
4066	梁平县私立求实中学	81	1
4067	梁平县七桥镇初级中学	81	1
4068	梁平县屏锦中学	81	1
4069	梁平县云龙镇初级中学	81	1
4070	梁平县明达镇初级中学	81	1
4071	梁平县回龙镇初级中学	81	1
4072	梁平县和林镇初级中学	81	1
4073	重庆市梁平县合兴初级中学	81	1
4074	梁平县福禄镇初级中学	81	1
4075	重庆市梁平县柏家初级中学	81	1
4076	梁平县荫平镇初级中学	81	1
4077	梁平县聚奎镇初级中学	81	1
4078	梁平县曲水乡初级中学	81	1
4079	梁平县文化镇初级中学	81	1
4080	重庆市梁平县梁山初级中学	81	1
4081	重庆市梁平县袁驿中学	81	1
4082	重庆市梁平县虎城初级中学	81	1
4083	重庆市梁平县礼让初级中学	81	1
4084	重庆市梁平县福禄中学	81	1
4085	梁平县虎城镇初级中学	81	1
4086	梁平县屏锦镇初级中学	81	1
4087	梁平县袁驿镇初级中学	81	1
4088	梁平县礼让镇初级中学	81	1
4089	梁平县紫照乡初级中学	81	1
4090	梁平县城南镇初级中学	81	1
4091	梁平县柏家镇初级中学	81	1
4092	梁平县梁山镇城西初级中学	81	1
4093	梁平县龙门镇初级中学	81	1
4094	梁平县石安镇初级中学	81	1
4095	梁平县新盛镇初级中学	81	1
4096	梁平县合兴镇初级中学	81	1
4097	梁平县城北乡初级中学	81	1
4098	梁平县安胜乡初级中学	81	1
4099	四川省梁平县屏锦中学	81	1
4100	梁平县福禄中学	81	1
4101	城口县修齐初级中学	82	1
4102	城口县明通职业中学	82	1
4103	城口县中学	82	1
4104	城口县坪坝初级中学校	82	1
4105	城口县庙坝初级中学	82	1
4106	巴山中学	82	1
4107	丰都县湛普镇初级中学校	83	1
4108	丰都县三建乡初级中学校	83	1
4109	丰都县十直镇初级中学校	83	1
4110	丰都县树人镇初级中学石岭分校	83	1
4111	丰都县树人镇初级中学校	83	1
4112	丰都县武平镇初级中学校	83	1
4113	丰都县兴义镇初级中学校	83	1
4114	丰都县许明寺镇初级中学校	83	1
4115	丰都县江池镇初级中学校	83	1
4116	丰都县栗子乡初级中学校	83	1
4117	丰都县名山镇初级中学校	83	1
4118	丰都县龙孔乡初级中学校	83	1
4119	丰都县三坝乡初级中学校	83	1
4120	丰都县三元镇初级中学校	83	1
4121	丰都县仁沙乡初级中学校	83	1
4122	丰都县崇兴乡初级中学校	83	1
4123	丰都县保合乡初级中学校	83	1
4124	丰都县董家镇初级中学校	83	1
4125	丰都县厂天乡初级中学校	83	1
4126	丰都县高家镇初级中学建国分校	83	1
4127	丰都县高家镇初级中学校	83	1
4128	丰都县虎威镇初级中学校	83	1
4129	重庆市丰都中学校	83	1
4130	重庆市丰都县平都中学校	83	1
4131	重庆市丰都县实验中学校	83	1
4132	丰都县龙孔乡私立智力中学校	83	1
4133	丰都县振华学校	83	1
4134	丰都县树人镇私立永兴中学校	83	1
4135	丰都县新世纪学校	83	1
4136	重庆市丰都县第一中学校	83	1
4137	丰都县社坛镇第三中学校	83	1
4138	丰都县青龙乡初级中学校	83	1
4139	丰都县科育中学校	83	1
4140	丰都县双桂初级中学校	83	1
4141	重庆市丰都县第二中学校	83	1
4142	丰都县双路镇高级中学校	83	1
4143	丰都县第一中学校崇实分校	83	1
4144	丰都县双龙场乡初级中学校	83	1
4145	丰都县镇江镇初级中学校	83	1
4146	丰都县十直镇初级中学开丰分校	83	1
4147	丰都县包鸾镇初级中学校	83	1
4148	丰都县红星中学校	83	1
4149	丰都县第一中学校长岭分校	83	1
4150	丰都县暨龙乡初级中学校	83	1
4151	丰都县保合乡金盘初级中学校	83	1
4152	丰都县三合镇初级中学校	83	1
4153	丰都县三元镇中学校	83	1
4154	丰都县社坛镇中学校	83	1
4155	丰都县包鸾中学校	83	1
4156	丰都县青龙乡中学校	83	1
4157	丰都县十直镇中学龙头分校	83	1
4158	丰都县十直镇中学开峰分校	83	1
4159	丰都县树人镇中学石岭分校	83	1
4160	丰都县保合乡中学金盘分校	83	1
4161	四川省丰都县平都中学	83	1
4162	垫江县桂溪中学校	84	1
4163	垫江县第六中学校	84	1
4164	重庆市垫江县职业中学校	84	1
4165	重庆市垫江县生辉学校	84	1
4166	垫江县第四中学校	84	1
4167	垫江第九中学校	84	1
4168	垫江第七中学校	84	1
4169	重庆市垫江县中学校	84	1
4170	垫江县第一中学校	84	1
4171	垫江县第五中学校	84	1
4172	垫江县凤山中学	84	1
4173	垫江县第二中学校	84	1
4174	垫江县私立增辉中学校	84	1
4175	垫江县裴兴中学	84	1
4176	垫江县永安中学	84	1
4177	重庆市垫江县第八中学校	84	1
4178	垫江县长龙中学	84	1
4179	垫江县太平中学校	84	1
4180	垫江第三中学校	84	1
4181	垫江县汪家中学	84	1
4182	垫江县黄沙中学	84	1
4183	垫江县砚台中学	84	1
4184	垫江县永平中学	84	1
4185	垫江县大石中学	84	1
4186	垫江县龙桥中学	84	1
4187	垫江县三溪中学	84	1
4188	垫江县龙岗中学	84	1
4189	垫江县高峰中学	84	1
4190	垫江县沙坪中学校	84	1
4191	垫江县箐口中学	84	1
4192	垫江县杠家乡中学	84	1
4193	垫江县文兴高级中学校	84	1
4194	垫江县新民中学校	84	1
4195	四川省垫江县第八中学校	84	1
4196	垫江第六中学校	84	1
4197	垫江第四中学校	84	1
4198	垫江第五中学校	84	1
4199	四川省垫江县中学校	84	1
4200	垫江县五龙桥中学校	84	1
4201	李渡区堡子镇中学校	84	1
4202	垫江县五洞中学	84	1
4203	垫江县界枫中学	84	1
4204	垫江县澄溪镇中学	84	1
4205	垫江县杠家中学	84	1
4206	黄沙乡中学	84	1
4207	武隆县接龙乡初级中学校	85	1
4208	武隆县中学校	85	1
4209	武隆县白马中学校	85	1
4210	武隆县长坝中学校	85	1
4211	武隆县鸭江中学校	85	1
4212	武隆县江口中学校	85	1
4213	武隆县桐梓中学校	85	1
4214	武隆县土坎中学校	85	1
4215	武隆县石桥乡初级中学校	85	1
4216	武隆县巷口中学校	85	1
4217	武隆县平桥中学校	85	1
4218	武隆县羊角中学校	85	1
4219	武隆县巷口镇中学校	85	1
4220	武隆县沙子沱中学校	85	1
4221	武隆县鸭江镇中学校	85	1
4222	武隆县土坎电厂中学校	85	1
4223	忠县黄金镇初级中学校	86	1
4224	忠县干井初级中学校	86	1
4225	忠县官坝镇初级中学校	86	1
4226	忠县官坝初级中学校	86	1
4227	忠县干井镇初级中学校	86	1
4228	忠县复兴镇初级中学校	86	1
4229	忠县金鸡镇初级中学校	86	1
4230	忠县涂井乡初级中学校	86	1
4231	忠县石宝镇初级中学校	86	1
4232	忠县汝溪镇初级中学校	86	1
4233	忠县永丰镇初级中学校	86	1
4234	忠县忠州镇北山初级中学校	86	1
4235	忠县洋渡镇初级中学校	86	1
4236	忠县新生镇初级中学校	86	1
4237	忠县新立镇初级中学校	86	1
4238	忠县乌杨镇初级中学校	86	1
4239	忠县马灌镇初级中学校	86	1
4240	忠县三汇中学	86	1
4241	重庆市忠县私立育才中学校	86	1
4242	忠县双桂镇初级中学校	86	1
4243	忠县汝溪中学	86	1
4244	重庆市忠县中学校	86	1
4245	忠县拔山镇初级中学校	86	1
4246	重庆市忠县忠州中学	86	1
4247	忠县东溪镇初级中学校	86	1
4248	忠县乌杨初级中学校	86	1
4249	忠县拔山中学校	86	1
4250	忠县县白石职业中学校	86	1
4251	忠县三汇镇初级中学校	86	1
4252	忠县磨子乡初级中学校	86	1
4253	忠县石宝中学	86	1
4254	重庆市忠县新立中学校	86	1
4255	忠县三汇镇中学	86	1
4256	忠县新立中学	86	1
4257	四川省忠县拔山中学	86	1
4258	四川省忠县私立育才中学	86	1
4259	开县南雅初级中学	87	1
4260	重庆市开县郭家镇初级中学	87	1
4261	重庆市开县九龙山初级中学	87	1
4262	开县书院初级中学	87	1
4263	重庆市开县德阳初级中学	87	1
4264	开县麻柳乡初级中学	87	1
4265	开县镇安镇初级中学	87	1
4266	重庆市开县丰乐中学	87	1
4267	重庆市开县临江中学	87	1
4268	开县南门镇初级中学	87	1
4269	开县白桥乡玉荷初级中学	87	1
4270	开县中学	87	1
4271	开县竹溪初级中学	87	1
4272	开县永泰初级中学	87	1
4273	开县敦好初级中学	87	1
4274	开县敬业私立中学	87	1
4275	开县明月初级中学	87	1
4276	大慈乡九岭私立初中	87	1
4277	重庆市开县汉丰职业高级中学	87	1
4278	开县陈家中学	87	1
4279	重庆市开县帅桥初级中学	87	1
4280	开县岳溪新星初级中学	87	1
4281	开县永兴初级中学	87	1
4282	开县镇东镇初级中学	87	1
4283	开县渠口初级中学	87	1
4284	开县迎仙初级中学	87	1
4285	开县大进镇初级中学	87	1
4286	开县镇东英杰初中	87	1
4287	重庆市开县西街初级中学	87	1
4288	开县天白职业中学	87	1
4289	开县温泉镇初级中学	87	1
4290	开县汉丰中学	87	1
4291	开县温泉镇中学	87	1
4292	开县后河初级中学	87	1
4293	开县俊亭初级中学	87	1
4294	开县大慈乡私立初中	87	1
4295	开县铁桥锁桥初级中学	87	1
4296	开县金峰初级中学	87	1
4297	开县茂林私立初中	87	1
4298	开县长沙初级中学	87	1
4299	开县赵家初级中学	87	1
4300	开县东华初级中学	87	1
4301	开县铁桥中学	87	1
4302	开县百里初级中学	87	1
4303	重庆市开县岩水初级中学	87	1
4304	开县盛山初级中学	87	1
4305	开县大堰初级中学	87	1
4306	开县花林乡初级中学	87	1
4307	开县驷马初级中学	87	1
4308	开县复兴初级中学	87	1
4309	开县临江中学	87	1
4310	开县中和中学校	87	1
4311	开县三合镇初级中学	87	1
4312	开县温泉中学	87	1
4313	云阳县鱼泉初级中学	88	1
4314	重庆市云阳县九龙初级中学	88	1
4315	重庆市云阳县外郎初级中学	88	1
4316	文龙乡私立初级中学	88	1
4317	重庆市云阳县宝坪初级中学	88	1
4318	重庆市云阳县复兴初级中学	88	1
4319	云阳县双水乡长兴私立初中	88	1
4320	重庆市云阳县黄龙初级中学	88	1
4321	重庆市云阳县沙沱初级中学	88	1
4322	云阳县黄石职业初级中学	88	1
4323	云阳县泥溪初级中学	88	1
4324	重庆市云阳县向阳初级中学	88	1
4325	重庆市云阳县高阳初级中学	88	1
4326	重庆市云阳县龙角初级中学	88	1
4327	重庆市云阳县江口中学	88	1
4328	重庆市云阳县滴翠初级中学	88	1
4329	重庆市云阳中学校	88	1
4330	重庆市云阳县云硐初级中学	88	1
4331	重庆市云阳县巴阳初级中学	88	1
4332	云阳县关平初级中学	88	1
4333	重庆市云阳县小江初级中学	88	1
4334	云阳县龙角九年制学校	88	1
4335	重庆市云阳县双江中学	88	1
4336	云阳县第一初级中学	88	1
4337	重庆市云阳县南溪初级中学	88	1
4338	重庆市云阳县云安中学校	88	1
4339	重庆市云阳县凤鸣中学	88	1
4340	重庆市云阳县水口初级中学	88	1
4341	重庆市云阳县红狮中学	88	1
4342	重庆市云阳县故陵初级中学	88	1
4343	云阳县帆水乡帆水中学	88	1
4344	重庆市云阳县养鹿乡初级中学	88	1
4345	云阳县栖霞乡栖霞初中	88	1
4346	重庆市云阳县龙市初级中学	88	1
4347	重庆市云阳县青山初级中学	88	1
4348	重庆市云阳县杉林初级中学	88	1
4349	云阳县盛堡镇中学	88	1
4350	云阳县咸池职业初级中学	88	1
4351	重庆市云阳县长洪初级中学	88	1
4352	重庆市云阳县人和初级中学	88	1
4353	云阳县外郎初级中学	88	1
4354	重庆市云阳县龙洞初级中学	88	1
4355	重庆市云阳县路阳初级中学	88	1
4356	重庆市云阳县院庄初级中学	88	1
4357	云阳县外郎乡办民中学校	88	1
4358	云阳县凤鸣镇黄龙中学	88	1
4359	云阳镇中学	88	1
4360	四川省云阳县双江中学	88	1
4361	四川省云阳县江口中学	88	1
4362	四川省云阳县云安中学	88	1
4363	四川省云阳中学	88	1
4364	奉节县繁荣初级中学校	89	1
4365	奉节县冯坪乡初级中学	89	1
4366	奉节县夔州初级中学	89	1
4367	奉节县龙泉初级中学	89	1
4368	重庆市奉节县中学	89	1
4369	奉节县三江初级中学	89	1
4370	奉节县上坝中学	89	1
4371	重庆市奉节县永安中学	89	1
4372	奉节县吐祥中学	89	1
4373	奉节县幸福初级中学	89	1
4374	奉节县汾河中学	89	1
4375	奉节县甲高中学	89	1
4376	奉节县青莲中学	89	1
4377	重庆市奉节县长龙实验中学	89	1
4378	奉节县草堂初级中学	89	1
4379	奉节县公平中学	89	1
4380	奉节县竹园初级中学	89	1
4381	奉节县朱衣镇初级中学	89	1
4382	奉节县新治乡初级中学	89	1
4383	奉节县兴隆镇初级中学校	89	1
4384	奉节县长鹏初级中学	89	1
4385	奉节县梅子初级中学	89	1
4386	奉节县羊市镇农校	89	1
4387	奉节县九里乡初级中学	89	1
4388	奉节县新民初级中学	89	1
4389	奉节县冯坪中学	89	1
4390	奉节县太和初级中学	89	1
4391	奉节县新民长棚中学	89	1
4392	奉节县永安中学光辉分校	89	1
4393	奉节县永安中学	89	1
4394	巫山县东莞初级中学	90	1
4395	巫山县白坪初级中学	90	1
4396	巫山县三溪初级中学	90	1
4397	巫山县河梁初级中学	90	1
4398	巫山县笃坪初级中学	90	1
4399	巫山县铜鼓初级中学	90	1
4400	巫山县大庙初级中学	90	1
4401	巫山县巫峡初级中学	90	1
4402	巫山县福田初级中学	90	1
4403	巫山县龙溪初级中学	90	1
4404	巫山县兴隆初级中学	90	1
4405	巫山县起阳初级中学	90	1
4406	巫山县骡坪初级中学	90	1
4407	巫山县高级中学	90	1
4408	巫山县大昌中学	90	1
4409	巫山县秀峰初级中学	90	1
4410	巫山县双龙初级中学	90	1
4411	巫山县官阳初级中学	90	1
4412	重庆巫山中学	90	1
4413	巫山县官渡中学	90	1
4414	巫山县深圳宝安巫峡希望学校	90	1
4415	四川省巫山中学	90	1
4416	巫溪县上磺中学校	91	1
4417	巫溪县尖山初级中学校	91	1
4418	巫溪县马坪初级中学	91	1
4419	巫溪县羊桥初级中学	91	1
4420	巫溪县凤凰初级中学	91	1
4421	巫溪县天宝初级中学	91	1
4422	巫溪县小河初级中学校	91	1
4423	巫溪县白鹿中学	91	1
4424	巫溪县古路初级中学	91	1
4425	巫溪县中学校	91	1
4426	巫溪县塘坊初级中学	91	1
4427	巫溪县店子初级中学校	91	1
4428	巫溪县镇泉初级中学	91	1
4429	巫溪县通城中学	91	1
4430	巫溪县大河乡初级中学	91	1
4431	巫溪县花台初级中学	91	1
4432	巫溪县金盆乡马坪中学	91	1
4433	巫溪县上磺中学	91	1
4434	巫溪县城厢中学	91	1
4435	重庆市石柱中学校	92	1
4436	石柱土家族自治县下路中学校	92	1
4437	石柱土家族自治县南宾中学校	92	1
4438	石柱土家族自治县大歇乡中学校	92	1
4439	重庆市石柱民族中学校	92	1
4440	石柱土家族自治县临溪镇中学校	92	1
4441	重庆市石柱土家族自治县西沱中学校	92	1
4442	石柱土家族自治县沙子中学校	92	1
4443	石柱土家族自治县南宾镇双庆民中	92	1
4444	重庆市石柱土家族自治县马武中学校	92	1
4445	石柱土家族自治县悦崃中学校	92	1
4446	石柱土家族自治县桥头中学校	92	1
4447	石柱土家族自治县悦来中学校	92	1
4448	石柱土家族自治县西沱中学校	92	1
4449	石柱土家族自治县民族中学校	92	1
4450	石柱土家族自治县马武坝中学校	92	1
4451	石柱土家族自治县临溪中学校	92	1
4452	石柱土家族自治县大歇中学校	92	1
4453	秀山土家族苗族自治县溶溪中学校	93	1
4454	重庆市秀山土家族苗族自治县第二中学	93	1
4455	秀山土家族苗族自治县中平乡中心校	93	1
4456	重庆市秀山县育才初级中学校	93	1
4457	秀山县凤翔中学	93	1
4458	秀山县龙池初级中学校	93	1
4459	秀山县平凯镇初级中学	93	1
4460	重庆市秀山县官庄中学	93	1
4461	秀山县中和镇中学	93	1
4462	秀山县清溪场镇初级中学	93	1
4463	秀山县隘口镇初级中学	93	1
4464	重庆市秀山县第一中学校	93	1
4465	秀山县第三中学校	93	1
4466	秀山县溶溪中学	93	1
4467	秀山县梅江中学	93	1
4468	秀山县第二中学	93	1
4469	重庆市秀山县洪安中学	93	1
4470	重庆市秀山县民族中学	93	1
4471	秀山县石堤中学	93	1
4472	秀山县峨溶镇初级中学	93	1
4473	秀山县钟灵乡初级中学	93	1
4474	秀山县保安乡农职业中学	93	1
4475	秀山县溶溪镇初级中学	93	1
4476	秀山县平凯镇官桥初级中学	93	1
4477	秀山县里仁乡中学	93	1
4478	秀山县三合场乡中学校	93	1
4479	秀山县峻岭乡中学校	93	1
4480	秀山县大溪乡中学校	93	1
4481	秀山县保安乡中学校	93	1
4482	秀山县里仁乡中学校	93	1
4483	秀山县平马乡中学校	93	1
4484	秀山县第二中学校	93	1
4485	四川省秀山县第一中学校	93	1
4486	秀山县溶溪乡中学	93	1
4487	秀山县官桥乡中学	93	1
4488	秀山县钟灵乡中学	93	1
4489	秀山县平凯镇中学	93	1
4490	秀山县洪安中学	93	1
4491	秀山县龙池中学	93	1
4492	酉阳土家族苗族自治县大溪初级中学校	94	1
4493	重庆市酉阳土家族苗族自治县江丰乡民族中学	94	1
4494	重庆市酉阳土家族苗族自治县后溪镇私立希望中学	94	1
4495	酉阳县泔溪镇私立中学校	94	1
4496	酉阳县黑水镇初级中学校	94	1
4497	酉阳县龚滩镇中学校	94	1
4498	酉阳县麻旺镇中学校	94	1
4499	酉阳县李溪镇私立树人中学校	94	1
4500	酉阳县腴地乡私立中学校	94	1
4501	酉阳县后溪镇白竹私立希望中学校	94	1
4502	酉阳县龙潭镇渤东石云中学校	94	1
4503	酉阳县钟多镇初级中学校	94	1
4504	酉阳县第一中学校	94	1
4505	酉阳县第四中学校	94	1
4506	酉阳县大溪镇初级中学校	94	1
4507	酉阳县第二中学校	94	1
4508	酉阳县第三中学校	94	1
4509	酉阳县李溪镇初级中学校	94	1
4510	酉阳县后溪镇初级中学校	94	1
4511	酉阳县钟多镇民族中学校	94	1
4512	酉阳县兴隆镇初级中学校	94	1
4513	酉阳县苍岭镇初级中学校	94	1
4514	酉阳县庙溪乡初级中学校	94	1
4515	酉阳县江丰乡井岗民族初级中学校	94	1
4516	酉阳县钟多镇小坝初级中学校	94	1
4517	酉阳县小河镇中学校	94	1
4518	酉阳县龙潭初级中学校	94	1
4519	酉阳县小河镇中小心校	94	1
4520	酉阳县南腰界乡初级中学	94	1
4521	酉阳县麻旺初级中学校	94	1
4522	酉阳县浪坪乡初级中学校	94	1
4523	酉阳县毛坝乡初级中学校	94	1
4524	酉阳县铜鼓乡铜西中学校	94	1
4525	酉阳县板桥乡双桥中学校	94	1
4526	酉阳县龙潭镇渤海初级中学校	94	1
4527	酉阳县苍岭区中学校	94	1
4528	酉阳县龚滩区中学校	94	1
4529	酉阳县双河区中学校	94	1
4530	酉阳县李溪区中学校	94	1
4531	酉阳县兴隆区中学校	94	1
4532	酉阳县钟多区中学校	94	1
4533	酉阳县振华中学	94	1
4534	酉阳县私立中学	94	1
4535	彭水苗族土家族自治县新田乡初级中学校	95	1
4536	彭水苗族土家族自治县鹿角中学校	95	1
4537	彭水苗族土家族自治县郁山中学	95	1
4538	彭水苗族土家族自治县连湖中学校	95	1
4539	王洼煤矿职工子弟学校	95	1
4540	桑柘中学	95	1
4541	彭水县中学	95	1
4542	保家中学	95	1
4543	汉葭镇中学	95	1
4544	彭水县民族中学	95	1
4545	下岩西育才中学	95	1
4546	郁山职业中学	95	1
4547	普子中学	95	1
4548	梅子垭中学	95	1
4549	黄家职业中学	95	1
4550	鹿角中学	95	1
4551	高谷中学	95	1
4552	连湖中学	95	1
4553	靛水初级中学	95	1
4554	新田中学	95	1
4555	彭水县普子区中学校	95	1
4556	彭水县鹿角区中学校	95	1
4557	彭水县桑柘区中学校	95	1
4558	彭水县保家区中学校	95	1
4559	彭水县郁山区中学校	95	1
4560	彭水县高谷区中学校	95	1
4561	彭水县汉葭镇中学校	95	1
4562	彭水县民族中学校	95	1
4563	彭水县中学校	95	1
