1	中央工艺美术学院附属中学	1	1			
2	北京市一二八中学	1	1			
3	北京市一六四中学	1	1			
4	北京市东城区教研科研中心	1	1			
5	北京市东城区第六十五中学	1	1			
6	北京市东城区职业教育中心学校	1	1			
7	北京市东城区职业教育中心学校	1	1			
8	北京市东城综合高中	1	1			
9	北京市东直门中学	1	1			
10	北京市交道口中学	1	1			
11	北京市和平北路学校	1	1			
12	北京市和平里中学	1	1			
13	北京市景山学校	1	1			
14	北京市汇成中学	1	1			
15	北京市第一七一中学	1	1			
16	北京市第一七七中学	1	1			
17	北京市第一中学	1	1			
18	北京市第一九五中学	1	1			
19	北京市第一九六中学	1	1			
20	北京市第一二五中学	1	1			
21	北京市第一二六中学	1	1			
22	北京市第一六三中学	1	1			
23	北京市第一六五中学	1	1			
24	北京市第一六六中学	1	1			
25	北京市第一四三中学	1	1			
26	北京市第一四二中学	1	1			
27	北京市第七十九中学	1	1			
28	北京市第二中学	1	1			
29	北京市第二中学分校	1	1			
30	北京市第二十一中学	1	1			
31	北京市第二十七中学	1	1			
32	北京市第二十二中学	1	1			
33	北京市第二十五中学	1	1			
34	北京市第二十四中学	1	1			
35	北京市第五中学	1	1			
36	北京市第五中学分校	1	1			
37	北京市第五十五中学	1	1			
38	北京市第五十四中学	1	1			
39	北京市第八十五中学	1	1			
40	北京市第六十五中学	1	1			
41	北京市翔宇中学	1	1			
42	北京市财经学校	1	1			
43	北京景山中学	1	1			
44	中国音乐学院附中	2	1			
45	北京三帆中学	2	1			
46	北京启蒙学校	2	1			
47	北京外事服务职业高中	2	1			
48	北京市三帆中学	2	1			
49	北京市丰盛中学	2	1			
50	北京市二龙路中学	2	1			
51	北京市北海中学	2	1			
52	北京市双秀实验学校	2	1			
53	北京市安德路中学	2	1			
54	北京市实用美术职业高中	2	1			
55	北京市新街口中学	2	1			
56	北京市月坛中学	2	1			
57	北京市私立汇才中学	2	1			
58	北京市第110中学美育培训学校	2	1			
59	北京市第一一O中学	2	1			
60	北京市第一五九中学	2	1			
61	北京市第一五六中学	2	1			
62	北京市第一五四中学	2	1			
63	北京市第一八四中学	2	1			
64	北京市第一六一中学	2	1			
65	北京市第七中学	2	1			
66	北京市第七十七中学	2	1			
67	北京市第三中学	2	1			
68	北京市第三十一中学	2	1			
69	北京市第三十三中学	2	1			
70	北京市第三十九中学	2	1			
71	北京市第三十二中学	2	1			
72	北京市第三十五中学	2	1			
73	北京市第三十八中学	2	1			
74	北京市第九十八中学	2	1			
75	北京市第二一四中学	2	1			
76	北京市第二十九中学	2	1			
77	北京市第五十六中学	2	1			
78	北京市第八中学	2	1			
79	北京市第十三中学	2	1			
80	北京市第十三中学分校	2	1			
81	北京市第四中学	2	1			
82	北京市第四十一中学	2	1			
83	北京市第四十二中学	2	1			
84	北京市第四十四中学	2	1			
85	北京市裕中中学	2	1			
86	北京市西四中学	2	1			
87	北京市西城区华才培训学校	2	1			
88	北京市西城区外国语学校	2	1			
89	北京市西城区实验学校	2	1			
90	北京市西城区科艺培训学校	2	1			
91	北京市长安中学	2	1			
92	北京市鲁迅中学	2	1			
93	北京师范大学第二附属中学	2	1			
94	北京师范大学附属实验中学	2	1			
95	北京师范大学附属实验中学分校	2	1			
96	北京教育学院西城分院附属中学	2	1			
97	北京铁路分局北京铁路职工子弟第三中学	2	1			
98	北京铁路分局北京铁路职工子弟第二中学	2	1			
99	北京市96中学	3	1			
100	北京市96中学培训部	3	1			
101	北京市前门中学	3	1			
102	北京市十一中学	3	1			
103	北京市天坛中学	3	1			
104	北京市崇文实验中学	3	1			
105	北京市崇文门中学	3	1			
106	北京市广渠门中学	3	1			
107	北京市文汇中学	3	1			
108	北京市第115中学	3	1			
109	北京市第209中学	3	1			
110	北京市第一一六中学	3	1			
111	北京市第一一四中学	3	1			
112	北京市第一七九中学	3	1			
113	北京市第一七八中学	3	1			
114	北京市第一零九中学	3	1			
115	北京市第九十中学	3	1			
116	北京市第九十中学培训部	3	1			
117	北京市第九十二中学	3	1			
118	北京市第二二三中学	3	1			
119	北京市第五十中学	3	1			
120	北京市第五十九中学	3	1			
121	北京市第十一中学分校(永定门中学)	3	1			
122	北京市第四十九中学	3	1			
123	北京市龙潭中学	3	1			
124	北京汇文中学	3	1			
125	中国戏曲学院附中	4	1			
126	中国戏曲学院附属中学	4	1			
127	北京市前门西街中学	4	1			
128	北京市北纬路中学	4	1			
129	北京市华夏女子中学	4	1			
130	北京市南菜园中学	4	1			
131	北京市和平门中学	4	1			
132	北京市回民学校	4	1			
133	北京市宣武区第一职业学校	4	1			
134	北京市宣武区第三职业学校	4	1			
135	北京市宣武区第二职业学校	4	1			
136	北京市广安中学	4	1			
137	北京市徐悲鸿中学	4	1			
138	北京市梁家园中学	4	1			
139	北京市物资贸易学校 	4	1			
140	北京市第一三一中学	4	1			
141	北京市第一三三中学	4	1			
142	北京市第一三九中学	4	1			
143	北京市第一三八中学	4	1			
144	北京市第一三六中学	4	1			
145	北京市第一三四中学	4	1			
146	北京市第一八一中学	4	1			
147	北京市第一八二中学	4	1			
148	北京市第一四六中学	4	1			
149	北京市第一四零中学	4	1			
150	北京市第七十八中学	4	1			
151	北京市第九十五中学	4	1			
152	北京市第五十一中学	4	1			
153	北京市第八十八中学	4	1			
154	北京市第六十三中学	4	1			
155	北京市第六十二中学	4	1			
156	北京市第六十六中学	4	1			
157	北京市第十五中学	4	1			
158	北京市第十五中学分校	4	1			
159	北京市第十四中学	4	1			
160	北京市第十四中学分校	4	1			
161	北京市第四十三中学	4	1			
162	北京市育才学校	4	1			
163	北京师范大学附属中学	4	1			
164	北京第二零四中学	4	1			
165	华夏女子中学 	4	1			
166	宣武区第一职业学校	4	1			
167	首医大附中	4	1			
168	三里屯一中	5	1			
169	中国建筑材料科学研究院附属中学	5	1			
170	中国旅游学院附属中学	5	1			
171	中央工艺美院附中	5	1			
172	中央美术学院附中	5	1			
173	创新园中学	5	1			
174	北京BISS国际学校	5	1			
175	北京中医学院附属中学	5	1			
176	北京信息工程学院附属中学	5	1			
177	北京化工学院附属中学	5	1			
178	北京北辰职业技能培训中心	5	1			
179	北京工业大学附属中学	5	1			
180	北京市世青中学	5	1			
181	北京市东方培新学校	5	1			
182	北京市东方德才学校	5	1			
183	北京市东方德才学校三分部	5	1			
184	北京市东方德才学校二分部	5	1			
185	北京市五路居第一中学	5	1			
186	北京市八里庄第三中学	5	1			
187	北京市关东店中学	5	1			
188	北京市劲松第一中学	5	1			
189	北京市劲松第二中学	5	1			
190	北京市劲松第四中学	5	1			
191	北京市劲松职业高中 	5	1			
192	北京市北苑中学	5	1			
193	北京市十八里店中学	5	1			
194	北京市十六中学	5	1			
195	北京市华严里中学	5	1			
196	北京市双桥中学	5	1			
197	北京市同仁中学	5	1			
198	北京市呼家楼中学	5	1			
199	北京市和平街第一中学	5	1			
200	北京市团结湖中学	5	1			
201	北京市团结湖第三中学	5	1			
202	北京市团结湖第二中学	5	1			
203	北京市垂杨柳第一中学	5	1			
204	北京市垡头中学	5	1			
205	北京市大山子中学	5	1			
206	北京市大望路中学	5	1			
207	北京市女子实验中学	5	1			
208	北京市奶子房中学	5	1			
209	北京市孙河中学	5	1			
210	北京市安慧北里中学	5	1			
211	北京市安苑北里中学	5	1			
212	北京市安贞里中学	5	1			
213	北京市定福庄中学	5	1			
214	北京市实验外国语学校	5	1			
215	北京市崔各庄中学	5	1			
216	北京市左家庄中学	5	1			
217	北京市建国里中学	5	1			
218	北京市拔萃双语学校	5	1			
219	北京市教育科学研究院附属实验中学	5	1			
220	北京市新源里中学	5	1			
221	北京市日坛中学	5	1			
222	北京市朝阳外国语学校	5	1			
223	北京市松榆里中学	5	1			
224	北京市松榆里第二中学	5	1			
225	北京市枣营中学	5	1			
226	北京市柳芳里中学	5	1			
227	北京市楼梓庄中学	5	1			
228	北京市樱花园中学	5	1			
229	北京市民族学校	5	1			
230	北京市求实职业学校	5	1			
231	北京市洼里中学	5	1			
232	北京市白家庄中学	5	1			
233	北京市私立北方中学	5	1			
234	北京市私立新亚中学	5	1			
235	北京市私立正则中学	5	1			
236	北京市第一一九中学	5	1			
237	北京市第七十一中学	5	1			
238	北京市第九十四中学	5	1			
239	北京市第八十中学	5	1			
240	北京市第八十中学	5	1			
241	北京市第十七中学	5	1			
242	北京市第四十八中学	5	1			
243	北京市草场地中学	5	1			
244	北京市虎城中学	5	1			
245	北京市豆各庄中学	5	1			
246	北京市酒仙桥第二中学	5	1			
247	北京市酒仙桥长一中学	5	1			
248	北京市金盏中学	5	1			
249	北京市陈经纶中学	5	1			
250	北京市陈经纶中学分校	5	1			
251	北京市首都机场中学	5	1			
252	北京市高家园中学	5	1			
253	北京市鸿阳中学 	5	1			
254	北京市黑庄户中学	5	1			
255	北京拔萃双语学校 	5	1			
256	北京拔萃双语学校 	5	1			
257	北京服装学院附属中学	5	1			
258	北京爱迪国际学校	5	1			
259	北京经济学院附属中学	5	1			
260	北京联合大学机械械程学院附属中学	5	1			
261	北京西藏中学 	5	1			
262	北方中学	5	1			
263	对外经济贸易大学附属中学	5	1			
264	朝阳区劲松第三中学	5	1			
265	朝阳外国语学校	5	1			
266	校工中学	5	1			
267	樱花园中学	5	1			
268	花家地西里中学	5	1			
269	东铁匠营第一中学	6	1			
270	东高地第一中学	6	1			
271	东高地第一中学 	6	1			
272	中央音乐学院附中	6	1			
273	中央音乐学院附中	6	1			
274	丰台实验学校	6	1			
275	丰台职业教育中心学校	6	1			
276	北京丰台七中业余文化补习学校	6	1			
277	北京二七车辆厂中学	6	1			
278	北京北方职业技术学校	6	1			
279	北京市东铁匠营第二中学	6	1			
280	北京市中桥外国语学校	6	1			
281	北京市丰台区三路居中学	6	1			
282	北京市丰台区东高地第三中学	6	1			
283	北京市丰台区丰台第一中学	6	1			
284	北京市丰台区丰台第二中学	6	1			
285	北京市丰台区丰台第六中学	6	1			
286	北京市丰台区云岗第一中学	6	1			
287	北京市丰台区南苑中学	6	1			
288	北京市丰台区南顶中学	6	1			
289	北京市丰台区右安门第三中学	6	1			
290	北京市丰台区右安门第二中学	6	1			
291	北京市丰台区大灰厂中学	6	1			
292	北京市丰台区左安门中学	6	1			
293	北京市丰台区木樨园中学	6	1			
294	北京市丰台区槐树岭学校	6	1			
295	北京市丰台区王佐中学	6	1			
296	北京市丰台区第三中学	6	1			
297	北京市丰台区职业教育中心学校	6	1			
298	北京市丰台区郭公庄中学	6	1			
299	北京市丰台区长辛店第一中学	6	1			
300	北京市丰台区长辛店第二中学	6	1			
301	北京市丰台第八中学	6	1			
302	北京市云岗职业高中	6	1			
303	北京市大成学校 	6	1			
304	北京市太平桥中学	6	1			
305	北京市洋桥学校	6	1			
306	北京市电子工业学校	6	1			
307	北京市第八中学怡海分校	6	1			
308	北京市第十中学	6	1			
309	北京市第十二中学	6	1			
310	北京市第十八中学	6	1			
311	北京市航天中学	6	1			
312	北京市芳星园中学	6	1			
313	北京市赵登禹中学	6	1			
314	北京市阳光学校	6	1			
315	北京戏曲艺术职业学院	6	1			
316	北京戏曲艺术职业学院	6	1			
317	北京铁路分局北京铁路职工子弟第五中学	6	1			
318	北京铁路职工子弟第四中学	6	1			
319	北京长辛店铁路中学	6	1			
320	北大附属实验学校	6	1			
321	首都医科大学附属中学	6	1			
322	北京市五里坨中学	7	1			
323	北京市京源学校	7	1			
324	北京市佳民中学	7	1			
325	北京市佳汇中学	7	1			
326	北京市八大处中学	7	1			
327	北京市八角中学	7	1			
328	北京市古城中学	7	1			
329	北京市古城第四中学	7	1			
330	北京市古城高级中学	7	1			
331	北京市杨庄中学	7	1			
332	北京市永乐中学	7	1			
333	北京市永乐第二中学	7	1			
334	北京市石景山区实验中学	7	1			
335	北京市石景山区石景山中学	7	1			
336	北京市礼文中学	7	1			
337	北京市第九中学	7	1
338	北京市老山中学	7	1
339	北京市苹果园中学	7	1
340	北京市西井中学	7	1
341	北京市金顶山中学	7	1
342	北京市金顶街第二中学	7	1
343	北京市高井中学	7	1
344	北京市黄庄职业高中	7	1
345	一佳高级中学	8	1
346	上地中学	8	1
347	中国人民大学附属中学	8	1
348	中国人民解放军艺术学院 	8	1
349	中国地质大学附属中学	8	1
350	中央民族大学附属中学	8	1
351	兰靛厂中学	8	1
352	北京一二三中学	8	1
353	北京世贤学院附属中学	8	1
354	北京农业大学附属中学	8	1
355	北京医学院附属中学	8	1
356	北京卫国中学	8	1
357	北京双榆树中学	8	1
358	北京大学附属中学	8	1
359	北京市一零一中学	8	1
360	北京市万寿寺中学	8	1
361	北京市万泉河中学	8	1
362	北京市上庄中学	8	1
363	北京市上庄第二中学	8	1
364	北京市中关村中学	8	1
365	北京市二十一世纪实验学校	8	1
366	北京市京工中学	8	1
367	北京市仁达中学	8	1
368	北京市信息管理学校	8	1
369	北京市信息管理学校	8	1
370	北京市八一中学	8	1
371	北京市六一中学	8	1
372	北京市北英中学	8	1
373	北京市北达资源中学	8	1
374	北京市十一学校	8	1
375	北京市双榆树第二中学	8	1
376	北京市商务管理学校	8	1
377	北京市太平路中学	8	1
378	北京市学院路中学	8	1
379	北京市师达中学	8	1
380	北京市幼儿师范学校	8	1
381	北京市永丰中学	8	1
382	北京市永定路中学	8	1
383	北京市海淀区才智培训学校	8	1
384	北京市海淀区教师进修学校附属实验学校 	8	1
385	北京市海淀区星星学校	8	1
386	北京市海淀区清华园兴起中学	8	1
387	北京市海淀区艺术职业学校	8	1
388	北京市海淀外国语实验学校	8	1
389	北京市清华志清中学	8	1
390	北京市清河中学	8	1
391	北京市清河第三中学	8	1
392	北京市温泉第二中学	8	1
393	北京市玉渊潭中学	8	1
394	北京市知春里中学	8	1
395	北京市科兴实验中学	8	1
396	北京市科迪实验中学	8	1
397	北京市立新学校	8	1
398	北京市第122中学	8	1
399	北京市第一七三中学	8	1
400	北京市第一八九中学	8	1
401	北京市第一零五中学	8	1
402	北京市第二O六中学	8	1
403	北京市第二十中学	8	1
404	北京市第六十七中学	8	1
405	北京市第十九中学	8	1
406	北京市第四十七中学	8	1
407	北京市第四十五中学	8	1
408	北京市经济管理学校	8	1
409	北京市翠微中学	8	1
410	北京市育强中学	8	1
411	北京市育才实验学校	8	1
412	北京市育英中学	8	1
413	北京市育鸿学校	8	1
414	北京市花园村中学	8	1
415	北京市苏家坨中学	8	1
416	北京市西苑中学	8	1
417	北京市西颐实验学校	8	1
418	北京市财经学校	8	1
419	北京市阜成路中学	8	1
420	北京市香山中学	8	1
421	北京明光中学	8	1
422	北京理工大学附属中学	8	1
423	北京石油学院附属中学	8	1
424	北京矿业学院附属中学	8	1
425	北京第五十七中学	8	1
426	北京经济管理学校	8	1
427	北京经济管理学校 	8	1
428	北京育英学校	8	1
429	北京舞蹈学院附中	8	1
430	北京航空航天大学附属中学	8	1
431	北京钢铁学院附属中学	8	1
432	北京铁路电气化学校	8	1
433	北外附属外国语学校	8	1
434	北方交通大学第二附属中学	8	1
435	北方交通大学附属中学	8	1
436	北航附中	8	1
437	尚丽外国语学校	8	1
438	尚丽外国语学校	8	1
439	尚丽外国语学校	8	1
440	教师进修学校附属实验学校	8	1
441	清华大学附属中学	8	1
442	清华大学附属中学分校	8	1
443	育英学校	8	1
444	首都师范大学附属中学	8	1
445	首都师范大学附属育新学校	8	1
446	首都师范大学附属育新学校	8	1
447	北京市大峪中学分校	9	1
448	北京市新城学校	9	1
449	北京市明珠学校	9	1
450	北京市育园中学	9	1
451	北京市门头沟区三家店中学	9	1
452	北京市门头沟区军庄中学	9	1
453	北京市门头沟区坡头中学	9	1
454	北京市门头沟区大峪中学	9	1
455	北京市门头沟区斋堂中学	9	1
456	北京市门头沟区新桥路中学	9	1
457	北京市门头沟区智慧培训学校	9	1
458	北京市门头沟区永定中学	9	1
459	北京市门头沟区清水中学	9	1
460	北京市门头沟区潭柘寺中学	9	1
461	北京市门头沟区琉璃渠中学	9	1
462	北京市门头沟区琉璃渠中学培训部	9	1
463	北京市门头沟区育新学校	9	1
464	北京市门头沟区色树坟中学	9	1
465	北京市门头沟区西辛房中学	9	1
466	北京市门头沟区西辛房中学培训部	9	1
467	北京市门头沟区陇驾庄中学	9	1
468	北京市门头沟区雁翅中学	9	1
469	北京矿务局中学	9	1
470	北京市博文学校	10	1
471	北京市师范大学良乡附属中学	10	1
472	北京市房山区下滩中学	10	1
473	北京市房山区中院中学	10	1
474	北京市房山区交道中学	10	1
475	北京市房山区佛子庄乡佛子庄中学	10	1
476	北京市房山区佛子庄乡班各庄中学	10	1
477	北京市房山区北洛中学	10	1
478	北京市房山区十渡中学	10	1
479	北京市房山区南召中学	10	1
480	北京市房山区南梨园中学	10	1
481	北京市房山区南窖中学	10	1
482	北京市房山区史家营中学	10	1
483	北京市房山区周口店中学	10	1
484	北京市房山区周口店第二中学	10	1
485	北京市房山区周口店镇长沟峪中学	10	1
486	北京市房山区周口店黄山店中学	10	1
487	北京市房山区坨里中学	10	1
488	北京市房山区坨里镇上万中学	10	1
489	北京市房山区夏村中学	10	1
490	北京市房山区大安山乡大安山中学	10	1
491	北京市房山区官道中学	10	1
492	北京市房山区岳各庄中学	10	1
493	北京市房山区常乐寺中学	10	1
494	北京市房山区张坊中学	10	1
495	北京市房山区房山中学	10	1
496	北京市房山区晨曦中学	10	1
497	北京市房山区李庄中学	10	1
498	北京市房山区河北镇磁家务中学	10	1
499	北京市房山区河南中学	10	1
500	北京市房山区琉璃河中学	10	1
501	北京市房山区石楼中学	10	1
502	北京市房山区石窝中学	10	1
503	北京市房山区窑上中学	10	1
504	北京市房山区窦各庄中学	10	1
505	北京市房山区第三中学	10	1
506	北京市房山区第二中学	10	1
507	北京市房山区良乡第三中学	10	1
508	北京市房山区良乡第二中学	10	1
509	北京市房山区良乡第四中学	10	1
510	北京市房山区葫芦垡中学	10	1
511	北京市房山区蒲洼乡中学	10	1
512	北京市房山区豆店中学	10	1
513	北京市房山区长操中学	10	1
514	北京市房山区霞云岭中学	10	1
515	北京市房山区韩村河中学	10	1
516	北京市燕山前进中学	10	1
517	北京市燕山星城中学	10	1
518	北京市琉璃河水泥厂学校	10	1
519	北京师范大学附属实验中学附属北潞园学校	10	1
520	北京建筑材料工业学校	10	1
521	北京煤矿机械厂职工子弟学校	10	1
522	北京燕山向阳中学	10	1
523	北京燕山石油化工公司北师大燕化附中	10	1
524	北京电力设备总厂电业中学	10	1
525	尚乐中学	10	1
526	房山区北正中学	10	1
527	房山区第二职业高中	10	1
528	房山区第二职业高中	10	1
529	房山区良乡中学	10	1
530	房山区长沟中学	10	1
531	房山区长阳中学	10	1
532	房山实验中学 	10	1
533	燕山羊耳峪中学	10	1
534	首都师范大学附属良乡实验学校	10	1
535	北京中加学校	11	1
536	北京市中医学校	11	1
537	北京市国际艺术学校 	11	1
538	北京市民革逸仙中学	11	1
539	北京市私立树人学校	11	1
540	北京市纺织工业学校	11	1
541	北京市通州区于家务民族中学	11	1
542	北京市通州区侯黄庄中学	11	1
543	北京市通州区北关中学	11	1
544	北京市通州区北苑学校	11	1
545	北京市通州区南刘中学	11	1
546	北京市通州区台湖中学	11	1
547	北京市通州区大杜社中学	11	1
548	北京市通州区姚村中学	11	1
549	北京市通州区宋庄中学	11	1
550	北京市通州区小务中学	11	1
551	北京市通州区张家湾中学	11	1
552	北京市通州区新华学校	11	1
553	北京市通州区李二泗中学	11	1
554	北京市通州区柴厂屯中学	11	1
555	北京市通州区梨园中学	11	1
556	北京市通州区次渠中学	11	1
557	北京市通州区永乐店中学	11	1
558	北京市通州区渠头中学	11	1
559	北京市通州区t县中学	11	1
560	北京市通州区潞河中学	11	1
561	北京市通州区牛堡屯中学	11	1
562	北京市通州区玉桥中学	11	1
563	北京市通州区甘棠中学	11	1
564	北京市通州区的中华商科学校	11	1
565	北京市通州区第三中学	11	1
566	北京市通州区第二中学	11	1
567	北京市通州区第六中学	11	1
568	北京市通州区第四中学	11	1
569	北京市通州区翟里中学	11	1
570	北京市通州区肖林中学	11	1
571	北京市通州区胡各庄中学	11	1
572	北京市通州区草寺中学	11	1
573	北京市通州区西集中学	11	1
574	北京市通州区觅子店中学	11	1
575	北京市通州区运河中学	11	1
576	北京市通州区郎府中学	11	1
577	北京市通州区陆辛庄中学	11	1
578	北京市通州区马驹桥中学	11	1
579	北京市通州区龙旺庄中学	11	1
580	北京潞河文化培训中心	11	1
581	北京通州区时代中学	11	1
582	第二中学	11	1
583	通州区民办敬业中学	11	1
584	陶情中学	11	1
585	力迈学校	12	1
586	北京市力迈学校	12	1
587	北京市私立京华--华诚学校	12	1
588	北京市顺义区仁和中学	12	1
589	北京市顺义区仇家店中学	12	1
590	北京市顺义区俸伯中学	12	1
591	北京市顺义区北务中学	12	1
592	北京市顺义区北小营中学	12	1
593	北京市顺义区北石槽中学	12	1
594	北京市顺义区南彩中学	12	1
595	北京市顺义区南法信中学	12	1
596	北京市顺义区大孙各庄中学	12	1
597	北京市顺义区小店中学	12	1
598	北京市顺义区尹家府中学	12	1
599	北京市顺义区张镇中学	12	1
600	北京市顺义区木林中学	12	1
601	北京市顺义区李各庄中学	12	1
602	北京市顺义区李遂中学	12	1
603	北京市顺义区杨镇第一中学	12	1
604	北京市顺义区杨镇第二中学	12	1
605	北京市顺义区板桥中学	12	1
606	北京市顺义区沙岭中学	12	1
607	北京市顺义区沿河中学	12	1
608	北京市顺义区牛栏山第一中学	12	1
609	北京市顺义区牛栏山第三中学	12	1
610	北京市顺义区牛栏山第二中学	12	1
611	北京市顺义区第三中学	12	1
612	北京市顺义区第九中学	12	1
613	北京市顺义区第九中学	12	1
614	北京市顺义区第二中学	12	1
615	北京市顺义区第五中学	12	1
616	北京市顺义区第八中学	12	1
617	北京市顺义区第四中学	12	1
618	北京市顺义区赵全营中学	12	1
619	北京市顺义区赵各庄中学	12	1
620	北京市顺义区马坡中学	12	1
621	北京市顺义区高丽营第一中学	12	1
622	北京市顺义区龙湾屯中学	12	1
623	北京顺义国际学校	12	1
624	顺义区后沙峪中学	12	1
625	顺义区天竺中学	12	1
626	顺义区李桥中学	12	1
627	顺义区第一中学	12	1
628	顺义区高丽营第二中学	12	1
629	北京南口机车车辆厂职工子弟中学	13	1
630	北京南口机车车辆机械厂职工子弟中学	13	1
631	北京市中地学校	13	1
632	北京市商业学校	13	1
633	北京市天通苑中山实验学校	13	1
634	北京市昌平区上苑中学	13	1
635	北京市昌平区下庄学校	13	1
636	北京市昌平区中滩中学	13	1
637	北京市昌平区亭自庄学校	13	1
638	北京市昌平区兴寿中学	13	1
639	北京市昌平区前锋学校	13	1
640	北京市昌平区北七家中学	13	1
641	北京市昌平区十三陵中学	13	1
642	北京市昌平区南口学校	13	1
643	北京市昌平区南邵中学	13	1
644	北京市昌平区史各庄中学	13	1
645	北京市昌平区回龙观中学	13	1
646	北京市昌平区大东流中学	13	1
647	北京市昌平区小汤山中学	13	1
648	北京市昌平区崔村中学	13	1
649	北京市昌平区平西府中学	13	1
650	北京市昌平区桃洼中学	13	1
651	北京市昌平区沙河中学	13	1
652	北京市昌平区流村中学	13	1
653	北京市昌平区满井中学	13	1
654	北京市昌平区燕丹学校	13	1
655	北京市昌平区百善中学	13	1
656	北京市昌平区第一中学	13	1
657	北京市昌平区第三中学	13	1
658	北京市昌平区第二中学	13	1
659	北京市昌平区第五中学	13	1
660	北京市昌平区第六中学	13	1
661	北京市昌平区第四中学	13	1
662	北京市昌平区红冶中学	13	1
663	北京市昌平区长陵中学	13	1
664	北京市昌平区阳坊中学	13	1
665	北京市昌平区陈庄中学	13	1
666	北京市昌平区马池口中学	13	1
667	北京市昌平区高崖口中学	13	1
668	北京市昌平区黑山寨中学	13	1
669	北京市昌平实验中学	13	1
670	北京市水利局职工子弟学校	13	1
671	北京市私立汇英学校	13	1
672	北京景山学校分部	13	1
673	北京澳华学校	13	1			
674	北京王府学校	13	1			
675	北京私立汇佳学校	13	1			
676	对外贸易经济合作部职工子弟学校	13	1			
677	中国传媒大学附属中学 	14	1			
678	中国建筑第一工程局子弟中学	14	1			
679	兴华中学	14	1			
680	兴涛学校	14	1			
681	兴涛学校 	14	1			
682	北京商贸学校	14	1			
683	北京市交通学校	14	1			
684	北京市交通学校	14	1			
685	北京市大兴区亦庄中学	14	1			
686	北京市大兴区兴海学校	14	1			
687	北京市大兴区兴达中学	14	1			
688	北京市大兴区北臧村中学	14	1			
689	北京市大兴区北顿垡中学	14	1			
690	北京市大兴区半壁店中学	14	1			
691	北京市大兴区四海中学	14	1			
692	北京市大兴区垡上中学	14	1			
693	北京市大兴区大皮营中学	14	1			
694	北京市大兴区大辛庄中学	14	1			
695	北京市大兴区太和中学	14	1			
696	北京市大兴区孙村中学	14	1			
697	北京市大兴区孝义营中学	14	1			
698	北京市大兴区安定中学	14	1			
699	北京市大兴区安定第二中学	14	1			
700	北京市大兴区定福庄中学	14	1			
701	北京市大兴区庞各庄中学	14	1			
702	北京市大兴区德茂中学	14	1			
703	北京市大兴区旧宫中学	14	1			
704	北京市大兴区朱庄中学	14	1			
705	北京市大兴区榆垡中学	14	1			
706	北京市大兴区礼贤一中	14	1			
707	北京市大兴区礼贤二中	14	1			
708	北京市大兴区第一职业学校	14	1			
709	北京市大兴区红星中学	14	1			
710	北京市大兴区芦城中学	14	1			
711	北京市大兴区赵村中学	14	1			
712	北京市大兴区郭家务中学	14	1			
713	北京市大兴区采育中学	14	1			
714	北京市大兴区采育镇凤河营中学	14	1			
715	北京市大兴区采育镇辛店中学	14	1			
716	北京市大兴区金海学校	14	1			
717	北京市大兴区长子营中学	14	1			
718	北京市大兴区青云店中学	14	1			
719	北京市大兴区魏善庄中学	14	1			
720	北京市大兴区鹿圈中学	14	1			
721	北京市大兴区黄村第一中学	14	1			
722	北京市大兴区黄村第七中学	14	1			
723	北京市大兴区黄村第三中学	14	1			
724	北京市大兴区黄村第二中学	14	1			
725	北京市大兴区黄村第五中学	14	1			
726	北京市大兴区黄村第八中学	14	1			
727	北京市大兴区黄村第六中学	14	1			
728	北京市大兴区黄村第四中学	14	1			
729	北京市大兴区黄村镇狼垡中学	14	1			
730	北京市惠东育仁学校	14	1			
731	北京市第四职业高中　	14	1			
732	北京私立君谊中学	14	1			
733	北京第四职业高中	14	1			
734	北京美亚学校	14	1			
735	大兴区第二职业高中	14	1			
736	北京市世纪学校	15	1			
737	北京怀柔金帆培训学校	15	1			
738	北京铁路分局怀北铁路职工子弟学校	15	1			
739	大同铁路分局职工子弟茶坞中学	15	1			
740	怀柔县九渡河中学	15	1			
741	怀柔县北房中学	15	1			
742	怀柔县喇叭沟门满族中学	15	1			
743	怀柔县宝山寺中学	15	1			
744	怀柔县庙城中学	15	1			
745	怀柔县张各长中学	15	1			
746	怀柔县怀北中学	15	1			
747	怀柔县杨宋中学	15	1			
748	怀柔县桥梓中学	15	1			
749	怀柔县汤河口中学	15	1			
750	怀柔县添颖文化补习学校	15	1			
751	怀柔县渤海中学	15	1			
752	怀柔县渤海镇三渡河中学	15	1			
753	怀柔县渤海镇渤海所中学	15	1			
754	怀柔县琉璃庙乡琉璃庙中学	15	1			
755	怀柔县碾子中学	15	1			
756	怀柔县第一中学	15	1			
757	怀柔县第三中学	15	1			
758	怀柔县第二中学	15	1			
759	怀柔县第五中学	15	1			
760	怀柔县第四中学	15	1			
761	怀柔县长哨营乡满族中学	15	1			
762	怀柔县雁栖中学	15	1			
763	红螺寺高中	15	1			
764	北京市平谷中学	16	1			
765	北京市平谷区第三中学 	16	1			
766	北京市平谷县后北宫中学	16	1			
767	北京市平谷县第二中学	16	1			
768	北京市诚明高级中学	16	1			
769	峪口第二中学	16	1			
770	平谷南独河镇望马台联办中学	16	1			
771	平谷县东高村中学	16	1			
772	平谷县东高村第二中学	16	1			
773	平谷县刘家合联办中学	16	1			
774	平谷县刘家店中学	16	1			
775	平谷县南独乐河中学	16	1			
776	平谷县夏各庄联办中学	16	1			
777	平谷县大兴庄中学	16	1			
778	平谷县大华山中学	16	1			
779	平谷县山东庄中学	16	1			
780	平谷县峪口中学	16	1			
781	平谷县张各庄中学	16	1			
782	平谷县杏园中学	16	1			
783	平谷县杨桥中学	16	1			
784	平谷县熊尔寨中学	16	1			
785	平谷县王辛庄中学	16	1			
786	平谷县第五中学	16	1			
787	平谷县第六中学	16	1			
788	平谷县第四中学	16	1			
789	平谷县西柏店联办中学	16	1			
790	平谷县镇罗营中学	16	1			
791	平谷县靠山集中学	16	1			
792	平谷县韩庄中学	16	1			
793	平谷县马坊中学	16	1			
794	平谷县马坊第二中学	16	1			
795	平谷县马昌营中学	16	1			
796	平谷县黄松峪中学	16	1			
797	北京密云县北庄中学	17	1			
798	北京市密云县水库中学	17	1			
799	北京师范大学密云实验中学	17	1			
800	密云冯家峪中学	17	1			
801	密云十里堡中学	17	1			
802	密云县上甸子中学	17	1			
803	密云县不老屯中学	17	1			
804	密云县东庄禾中学	17	1			
805	密云县东邵渠中学	17	1			
806	密云县半城子中学	17	1			
807	密云县古北口中学	17	1			
808	密云县塘子中学	17	1			
809	密云县大城子中学	17	1			
810	密云县太师庄中学	17	1			
811	密云县教育局教研中心	17	1			
812	密云县新城子中学	17	1			
813	密云县电化教育馆	17	1			
814	密云县番字牌中学	17	1			
815	密云县白龙潭中学	17	1			
816	密云县穆家峪中学	17	1			
817	密云县第一中学	17	1			
818	密云县第三中学	17	1			
819	密云县第二中学	17	1			
820	密云县第五中学	17	1			
821	密云县第六中学	17	1			
822	密云县第四中学	17	1			
823	密云县西康各庄中学	17	1			
824	密云县高岭中学	17	1			
825	密云河南寨中学	17	1			
826	密云焦家坞中学	17	1			
827	新农村中学	17	1			
828	石城中学	17	1			
829	西田各庄中学	17	1			
830	北京市延庆县刘斌堡中学	18	1			
831	延庆千家店中学	18	1			
832	延庆县下屯中学	18	1			
833	延庆县二道河中学	18	1			
834	延庆县井庄中学	18	1			
835	延庆县体育运动学校	18	1			
836	延庆县八达岭中学	18	1			
837	延庆县四海中学	18	1			
838	延庆县大庄科中学	18	1			
839	延庆县大柏老中学	18	1			
840	延庆县大榆树中学	18	1			
841	延庆县太平庄中学	18	1			
842	延庆县姚家营中学	18	1			
843	延庆县康庄中学	18	1			
844	延庆县张山营中学	18	1			
845	延庆县新华民族中学	18	1			
846	延庆县旧县中学	18	1			
847	延庆县永宁中学	18	1			
848	延庆县沈家营中学	18	1			
849	延庆县清泉铺中学	18	1			
850	延庆县珍珠泉中学	18	1			
851	延庆县第一中学	18	1			
852	延庆县第三中学	18	1			
853	延庆县第二中学	18	1			
854	延庆县第五中学	18	1			
855	延庆县第六中学	18	1			
856	延庆县第四中学	18	1			
857	延庆县花盆中学	18	1			
858	延庆县西屯中学	18	1			
859	延庆县赵庄中学	18	1			
860	延庆县靳家堡中学	18	1			
861	延庆县香营中学	18	1			
862	延庆县黑汉岭中学	18	1			
863	延庆沙梁子中学	18	1			
864	上海商业会计学校	19	1			
865	上海外国语大学附属大境中学	19	1			
866	上海市上外民办劲松中学	19	1			
867	上海市井冈中学	19	1			
868	上海市井岗中学分校	19	1			
869	上海市储能中学	19	1			
870	上海市储能中学一分校	19	1			
871	上海市光明中学	19	1			
872	上海市多稼中学	19	1			
873	上海市大同中学	19	1			
874	上海市尚文学校	19	1			
875	上海市市南中学	19	1			
876	上海市建光中学	19	1			
877	上海市敬业中学	19	1			
878	上海市明德学校	19	1			
879	上海市林荫中学	19	1			
880	上海市格致中学	19	1			
881	上海市民办东元高级中学	19	1
882	上海市民办明珠中学	19	1
883	上海市民办清新中学	19	1
884	上海市民办申江中学	19	1
885	上海市民办立达中学	19	1
886	上海市求是中学	19	1
887	上海市求知中学	19	1
888	上海市江南中学	19	1
889	上海市浦光中学	19	1
890	上海市浦西中学	19	1
891	上海市第九学校	19	1
892	上海市第八中学	19	1
893	上海市第六中学	19	1
894	上海市第六十七中学	19	1
895	上海市第六十二中学	19	1
896	上海市第十中学	19	1
897	上海市蓬莱中学	19	1
898	上海市裘锦秋实验学校	19	1
899	上海市豫园中学	19	1
900	上海市金陵中学	19	1
901	上海东风学校	20	1
902	上海卢湾区卢浦进修学校	20	1
903	上海卢湾区棕榈进修学校	20	1
904	上海市三好中学	20	1
905	上海市中山学校	20	1
906	上海市五爱高级中学	20	1
907	上海市兴业中学	20	1
908	上海市力进学校	20	1
909	上海市卢湾中学	20	1
910	上海市卢湾区向锋中学	20	1
911	上海市卢湾区李惠利中学	20	1
912	上海市卢湾区永明中学	20	1
913	上海市卢湾区陕西中学	20	1
914	上海市卢湾高级中学	20	1
915	上海市向明中学	20	1
916	上海市建庆中学	20	1
917	上海市比乐中学	20	1
918	上海市民办五爱中学	20	1
919	上海市永业中学	20	1
920	上海市永兴高级中学	20	1
921	上海市清华学校	20	1
922	上海市炎培高级中学	20	1
923	上海市第十二中学	20	1
924	上海市长乐中学	20	1
925	上海市震旦外国语中学	20	1
926	霍尔姆斯职业学校	20	1
927	上海中学国际部	21	1
928	上海大学美术学院中专部	21	1
929	上海工商外国语学校	21	1
930	上海市上海中学	21	1
931	上海市世界外国语中学	21	1
932	上海市中国中学	21	1
933	上海市位育中学	21	1
934	上海市公用事业学校	21	1
935	上海市兴华中学(上海市兴华职业技术学校)	21	1
936	上海市凯旋中学	21	1
937	上海市南洋中学	21	1
938	上海市南洋模范中学	21	1
939	上海市南郊中学	21	1
940	上海市园南中学	21	1
941	上海市宛南中学	21	1
942	上海市宛平中学	21	1
943	上海市宜山中学	21	1
944	上海市实验学校	21	1
945	上海市徐汇中学	21	1
946	上海市枫林中学	21	1
947	上海市梅园中学	21	1
948	上海市樱花中学	21	1
949	上海市民办中大高级中学	21	1
950	上海市民办华育中学	21	1
951	上海市民办汇南高级中学	21	1
952	上海市民办西南高级中学	21	1
953	上海市民办邦德第四高级中学	21	1
954	上海市汇知学校	21	1
955	上海市汾洋中学	21	1
956	上海市沪新中学	21	1
957	上海市沪闵中学	21	1
958	上海市淮海中学	21	1
959	上海市漕新中学	21	1
960	上海市田林中学	21	1
961	上海市田林第三中学	21	1
962	上海市田林第二中学	21	1
963	上海市第二中学	21	1
964	上海市第五十九中学	21	1
965	上海市第五十四中学	21	1
966	上海市第四中学	21	1
967	上海市紫竹园中学	21	1
968	上海市紫阳中学	21	1
969	上海市育诚高级中学	21	1
970	上海市西南位育中学	21	1
971	上海市西南模范中学	21	1
972	上海市长乐学校	21	1
973	上海市长桥中学	21	1
974	上海市长桥第二中学	21	1
975	上海市零陵中学	21	1
976	上海市黎明中学	21	1
977	上海市龙临中学	21	1
978	上海市龙华中学	21	1
979	上海市龙山中学	21	1
980	上海市龙苑中学	21	1
981	上海师范大学剑桥国际中心	21	1
982	上海师范大学剑桥国际中心	21	1
983	上海师范大学第三附属中学	21	1
984	上海师范大学附属中学	21	1
985	上海徐RI高中W	21	1
986	华东理工大学附属中学	21	1
987	民航上海中等专业学校	21	1
988	董恒甫学校	21	1
989	董恒甫综合高中	21	1
990	董恒甫职业技术学校	21	1
991	上海九洲现代艺术职业技术学校	22	1
992	上海市东延安中学	22	1
993	上海市仙霞第二中学	22	1
994	上海市仙霞高级中学	22	1
995	上海市华阳学校	22	1
996	上海市古北中学	22	1
997	上海市古北第二中学	22	1
998	上海市复旦中学	22	1
999	上海市复旦中学长新分校	22	1
1000	上海市天山中学	22	1
1001	上海市天山第二中学	22	1
1002	上海市姚连生中学	22	1
1003	上海市娄山中学	22	1
1004	上海市定西中学	22	1
1005	上海市延安中学	22	1
1006	上海市建青实验学校	22	1
1007	上海市建青实验学校长虹分校	22	1
1008	上海市新世纪中学高中部	22	1
1009	上海市新光中学	22	1
1010	上海市新泾学校	22	1
1011	上海市新虹桥高级中学	22	1
1012	上海市武夷中学	22	1
1013	上海市民办新世纪中学	22	1
1014	上海市泸定中学	22	1
1015	上海市番禺中学	22	1
1016	上海市省吾中学	22	1
1017	上海市第三女子中学	22	1
1018	上海市第三女子中学附属学校	22	1
1019	上海市紫荆中学	22	1
1020	上海市紫荆第二中学	22	1
1021	上海市虹桥中学	22	1
1022	上海市虹桥机场学校	22	1
1023	上海市西延安中学	22	1
1024	上海市长宁中学	22	1
1025	上海市长宁第二中学	22	1
1026	上海开元中学	22	1
1027	上海长宁中学分部	22	1
1028	天山中学玉屏分校	22	1
1029	上海市七一中学	23	1
1030	上海市七一中学分部	23	1
1031	上海市五四中学	23	1
1032	上海市华东模范中学	23	1
1033	上海市培明中学	23	1
1034	上海市培进中学	23	1
1035	上海市市西中学	23	1
1036	上海市康定中学	23	1
1037	上海市建承中学	23	1
1038	上海市时代中学	23	1
1039	上海市武定中学	23	1
1040	上海市武定中学西部分校	23	1
1041	上海市民立中学	23	1
1042	上海市爱国中学	23	1
1043	上海市第一中学	23	1
1044	上海市静安区教育学院附属学院	23	1
1045	上海戏剧学院附属高级中学	23	1
1046	逸夫职业技术学校华山分部	23	1
1047	静安实验学校(分部)	23	1
1048	上海东方曹杨外国语高级中学 	24	1
1049	上海宜川中学	24	1
1050	上海市万里学校	24	1
1051	上海市东新中学	24	1
1052	上海市云岭实验中学	24	1
1053	上海市光新中学	24	1
1054	上海市兰田中学	24	1
1055	上海市兴陇中学	24	1
1056	上海市冠龙高级中学	24	1
1057	上海市前锋中学	24	1
1058	上海市回民中学	24	1
1059	上海市培佳双语学校	24	1
1060	上海市子长学校	24	1
1061	上海市延河中学	24	1
1062	上海市志丹中学	24	1
1063	上海市怒江中学	24	1
1064	上海市新会中学	24	1
1065	上海市新杨中学	24	1
1066	上海市新杨中学分部	24	1
1067	上海市新源中学	24	1
1068	上海市旬阳中学	24	1
1069	上海市晋元高级中学	24	1
1070	上海市普陀中学	24	1
1071	上海市普陀区南海中学	24	1
1072	上海市普陀区曹杨第五中学	24	1
1073	上海市普雄中学	24	1
1074	上海市曹安学校	24	1
1075	上海市曹杨中学	24	1
1076	上海市曹杨第九中学	24	1
1077	上海市曹杨第二中学	24	1
1078	上海市桐柏高级中学	24	1
1079	上海市梅川中学	24	1
1080	上海市梅陇中学	24	1
1081	上海市梅陇第二中学	24	1
1082	上海市武宁中学	24	1
1083	上海市民办侨华中学	24	1
1084	上海市民办华光高级中学	24	1
1085	上海市民办华豪高级中学	24	1
1086	上海市民办宜华中学	24	1
1087	上海市民办普陀前进高级中学	24	1
1088	上海市民办百川高级中学	24	1
1089	上海市民办黄河高级中学	24	1
1090	上海市沙田学校	24	1
1091	上海市洛川学校	24	1
1092	上海市甘泉中学	24	1
1093	上海市白玉中学	24	1
1094	上海市真光中学	24	1
1095	上海市真北中学	24	1
1096	上海市真如中学	24	1
1097	上海市长寿中学	24	1
1098	上海市长征中学	24	1
1099	上海市骊山学校	24	1
1100	上海市黄陵中学	24	1
1101	上海常德中学	24	1
1102	上海桃浦中学	24	1
1103	北海中学	24	1
1104	同济大学第二附属中学	24	1
1105	延河中学分校	24	1
1106	民办进华中学	24	1
1107	上海共康中学	25	1
1108	上海北站中学	25	1
1109	上海大学市北附属中学	25	1
1110	上海市三泉学校	25	1
1111	上海市久隆模范中学	25	1
1112	上海市保德中学	25	1
1113	上海市共和综合高级中学	25	1
1114	上海市华灵学校	25	1
1115	上海市古田中学	25	1
1116	上海市向东中学	25	1
1117	上海市和田中学	25	1
1118	上海市商业学校	25	1
1119	上海市塘沽学校	25	1
1120	上海市安庆中学	25	1
1121	上海市山西中学	25	1
1122	上海市岭南中学	25	1
1123	上海市市北中学	25	1
1124	上海市平顺学校	25	1
1125	上海市彭浦中学	25	1
1126	上海市彭浦第三中学	25	1
1127	上海市彭浦第五中学	25	1
1128	上海市彭浦第四中学	25	1
1129	上海市恒丰中学	25	1
1130	上海市新中高级中学	25	1
1131	上海市朝阳学校	25	1
1132	上海市民办圆圆外语学校	25	1
1133	上海市民办市北高级中学	25	1
1134	上海市民办成才中学	25	1
1135	上海市民办扬帆中学	25	1
1136	上海市民办扬波中学	25	1
1137	上海市民办教苑中学	25	1
1138	上海市民办新和中学	25	1
1139	上海市民办普育中学	25	1
1140	上海市民办浦华中学	25	1
1141	上海市民办育美中学	25	1
1142	上海市民办风范中学	25	1
1143	上海市田家炳中学	25	1
1144	上海市第六十中学	25	1
1145	上海市第十七中学	25	1
1146	上海市第十七中学分部	25	1
1147	上海市育群中学	25	1
1148	上海市闸北区上法进修学校	25	1
1149	上海市闸北区教育学院实验中学	25	1
1150	上海市闸北区教苑中学(民办)分部	25	1
1151	上海市闸北区普成进修学校	25	1
1152	上海市闸北区第五中学	25	1
1153	上海市闸北区第八中学新校	25	1
1154	上海市闸北区育群进修学校	25	1
1155	上海市闸北第三中学	25	1
1156	上海市闸北第二中学	25	1
1157	上海市闸北第八中学	25	1
1158	上海市青云中学	25	1
1159	上海市风华中学	25	1
1160	第十七中学	25	1
1161	上海凉城第二中学	26	1
1162	上海南胡高级中学	26	1
1163	上海外国语大学附属外国语学校	26	1
1164	上海市东光中学	26	1
1165	上海市丰镇中学	26	1
1166	上海市临潼中学	26	1
1167	上海市临潼中学	26	1
1168	上海市北虹中学	26	1
1169	上海市北郊学校	26	1
1170	上海市北郊高级中学	26	1
1171	上海市南湖职校第一分校 	26	1
1172	上海市南湖高级中学	26	1
1173	上海市唐山中学	26	1
1174	上海市四平中学	26	1
1175	上海市培华学校	26	1
1176	上海市复兴高级中学	26	1
1177	上海市广灵中学	26	1
1178	上海市延风中学	26	1
1179	上海市建安中学	26	1
1180	上海市建江中学	26	1
1181	上海市新市中学	26	1
1182	上海市新沪中学	26	1
1183	上海市昆山学校	26	1
1184	上海市曲阳中学	26	1
1185	上海市曲阳第二中学	26	1
1186	上海市民办克勒外国语学校	26	1
1187	上海市民办瑞虹中学	26	1
1188	上海市民办白玉兰学校	26	1
1189	上海市民办白玉兰高级中学	26	1
1190	上海市民办迅行中学	26	1
1191	上海市民新业余学校	26	1
1192	上海市水电中学	26	1
1193	上海市江湾高级中学	26	1
1194	上海市洞庭中学	26	1
1195	上海市海南中学	26	1
1196	上海市溧阳学校	26	1
1197	上海市澄衷中学	26	1
1198	上海市第五中学	26	1
1199	上海市第五十二中学	26	1
1200	上海市粤东中学	26	1
1201	上海市粤东学校	26	1
1202	上海市红军中学	26	1
1203	上海市虹口中学	26	1
1204	上海市虹口区东亚武术进修院	26	1
1205	上海市虹口区北郊业余学校	26	1
1206	上海市虹口区复兴业余学校	26	1
1207	上海市虹口区教育学院实验中学	26	1
1208	上海市行知艺术师范学校	26	1
1209	上海市金沙中学	26	1
1210	上海市钟山高级中学	26	1
1211	上海市长青学校	26	1
1212	上海市韶山中学	26	1
1213	上海市飞虹中学	26	1
1214	上海市高级技工学校	26	1
1215	上海市鲁迅中学	26	1
1216	上海市黄山中学	26	1
1217	上海民办汇民高级中学	26	1
1218	华东师大一附中	26	1
1219	华东师大一附中	26	1
1220	华师大一附中	26	1
1221	华师大一附中	26	1
1222	南湖高级中学	26	1
1223	继光中学	26	1
1224	上海复旦大学附属中学	27	1
1225	上海外国语大学双语学校	27	1
1226	上海市(民办)杨浦实验学校	27	1
1227	上海市三门中学	27	1
1228	上海市世界中学	27	1
1229	上海市中原中学	27	1
1230	上海市二十五中学	27	1
1231	上海市五十六中学	27	1
1232	上海市凉州中学	27	1
1233	上海市包头中学	27	1
1234	上海市十五中学	27	1
1235	上海市双阳中学	27	1
1236	上海市双阳第二中学	27	1
1237	上海市同大实验学校	27	1
1238	上海市同济中学	27	1
1239	上海市国和中学	27	1
1240	上海市复旦实验中学	27	1
1241	上海市大桥中学	27	1
1242	上海市安图中学	27	1
1243	上海市少云中学	27	1
1244	上海市市东中学	27	1
1245	上海市市光学校	27	1
1246	上海市平凉中学	27	1
1247	上海市建设中学	27	1
1248	上海市思源中学	27	1
1249	上海市惠民中学	27	1
1250	上海市控江中学	27	1
1251	上海市教科院附属中学	27	1
1252	上海市机电工业学校 	27	1
1253	上海市杨浦―凤城中学	27	1
1254	上海市杨浦区教育学院附属学校	27	1
1255	上海市杨浦区铁岭中学	27	1
1256	上海市杨浦区黄兴学校	27	1
1257	上海市杨浦高级中学	27	1
1258	上海市树人中学	27	1
1259	上海市民办东光明中学	27	1
1260	上海市民办久慧高级中学	27	1
1261	上海市民办交大―飞达中学	27	1
1262	上海市民办兰生复旦中学	27	1
1263	上海市民办存志中学	27	1
1264	上海市民办昌华高级中学	27	1
1265	上海市民办沪东外国语学校	27	1
1266	上海市民办育海中学	27	1
1267	上海市民办长江中学	27	1
1268	上海市民星中学	27	1
1269	上海市沪东科技进修学院	27	1
1270	上海市育鹰学校	27	1
1271	上海市贵阳中学	27	1
1272	上海市轻工业学校文萃分校	27	1
1273	上海市长新中学	27	1
1274	上海市鞍山实验中学	27	1
1275	上海市齐杨中学	27	1
1276	上海民办五角场高级中学	27	1
1277	上海民办沪东外国语高级中学	27	1
1278	上海民办社科星光高级中学	27	1
1279	上海理工大学附属中学	27	1
1280	上海黎鸣高级中学	27	1
1281	同济大学第一附属中学	27	1
1282	复旦二附中	27	1
1283	杨浦科教进修学校	27	1
1284	杨浦职校综合高中	27	1
1285	科技管理学校	27	1
1286	科技管理学校	27	1
1287	黎明高级中学	27	1
1288	上海交通大学附属实验学校	28	1
1289	上海市七宝中学	28	1
1290	上海市卢湾区高兴学校	28	1
1291	上海市古美中学	28	1
1292	上海市吴泾中学	28	1
1293	上海市吴泾第二中学	28	1
1294	上海市师资培训中心实验基地附属中学	28	1
1295	上海市建虹高级中学	28	1
1296	上海市文绮中学	28	1
1297	上海市新基础教育实验学校	28	1
1298	上海市民办复旦万科实验学校	28	1
1299	上海市民办文来中学	28	1
1300	上海市民办福苑中学	28	1
1301	上海市民办马桥强恕高级中学	28	1
1302	上海市田园高级中学 	28	1
1303	上海市罗阳中学	28	1
1304	上海市航华中学	28	1
1305	上海市莘光学校	28	1
1306	上海市莘庄中学	28	1
1307	上海市闵行中学	28	1
1308	上海市闵行区七宝第二中学	28	1
1309	上海市闵行区上虹中学	28	1
1310	上海市闵行区北桥中学	28	1
1311	上海市闵行区华漕中学	28	1
1312	上海市闵行区曹行中学	28	1
1313	上海市闵行区梅陇中学	28	1
1314	上海市闵行区民办信宏中学	28	1
1315	上海市闵行区纪王中学	28	1
1316	上海市闵行区莘松中学	28	1
1317	上海市闵行区颛桥中学	28	1
1318	上海市闵行区鲁汇中学	28	1
1319	上海市闵行第三中学	28	1
1320	上海市闵行第二中学	28	1
1321	上海市闵行第五中学	28	1
1322	上海市闵行第八中学	28	1
1323	上海市闵行第四中学	28	1
1324	上海市龙柏中学	28	1
1325	上海教育科学研究院实验中学	28	1
1326	上海新加坡国际学校	28	1
1327	上海民办燎原高级中学	28	1
1328	上海美国学校	28	1
1329	上海西郊民办高级中学	28	1
1330	上海闵行区诸翟学校	28	1
1331	上海马桥强恕中学	28	1
1332	莘格高级中学	28	1
1333	闵行区友爱实验中学	28	1
1334	闵行区杜行中学	28	1
1335	闵行区杜行中学(分部)	28	1
1336	闵行区陈行中学	28	1
1337	闵行区题桥中学	28	1
1338	上海交通大学附属中学	29	1
1339	上海大学附属中学	29	1
1340	上海市丰乐中学	29	1
1341	上海市元沙中学	29	1
1342	上海市光华高级中学	29	1
1343	上海市光明中学宝山分校	29	1
1344	上海市刘行中学	29	1
1345	上海市前卫中学	29	1
1346	上海市同洲模范学校	29	1
1347	上海市吴淞中学	29	1
1348	上海市吴淞第二中学	29	1
1349	上海市吴淞第四中学	29	1
1350	上海市呼玛中学	29	1
1351	上海市和衷中学	29	1
1352	上海市和衷高级中学	29	1
1353	上海市培新中学	29	1
1354	上海市大华中学	29	1
1355	上海市大场中学	29	1
1356	上海市存瑞中学	29	1
1357	上海市宝山中学	29	1
1358	上海市宝山区工读学校	29	1
1359	上海市宝山区求真中学	29	1
1360	上海市宝山区罗南中学	29	1
1361	上海市宝山区青少年科学技术指导站	29	1
1362	上海市宝山区高境镇第三中学	29	1
1363	上海市宝山实验学校	29	1
1364	上海市宝钢第三中学	29	1
1365	上海市宝钢第二中学	29	1
1366	上海市月浦中学	29	1
1367	上海市杨北中学	29	1
1368	上海市杨行中学	29	1
1369	上海市横沙中学	29	1
1370	上海市民办交华中学	29	1
1371	上海市民办日日学校	29	1
1372	上海市民办行知高级中学	29	1
1373	上海市永清中学	29	1
1374	上海市泗塘中学	29	1
1375	上海市泗塘第二中学	29	1
1376	上海市海滨中学	29	1
1377	上海市海滨第二中学	29	1
1378	上海市淞浦中学	29	1
1379	上海市潘石中学	29	1
1380	上海市物资学校	29	1
1381	上海市罗店中学	29	1
1382	上海市罗泾中学	29	1
1383	上海市肖泾中学	29	1
1384	上海市虎林中学	29	1
1385	上海市行知中学	29	1
1386	上海市行知实验中学	29	1
1387	上海市行知第二中学	29	1
1388	上海市通河中学	29	1
1389	上海市长兴中学	29	1
1390	上海市长江第二中学	29	1
1391	上海市顾村中学	29	1
1392	上海市高境第一中学	29	1
1393	宝山区盛桥中学	29	1
1394	宝林中学	29	1
1395	金星中学	29	1
1396	上海市嘉定区丰庄中学	30	1
1397	上海市嘉定区南翔中学	30	1
1398	上海市嘉定区唐行九年制学校	30	1
1399	上海市嘉定区嘉西中学	30	1
1400	上海市嘉定区外冈中学	30	1
1401	上海市嘉定区安亭中学	30	1
1402	上海市嘉定区封浜中学	30	1
1403	上海市嘉定区鄢鞘笛檠校	30	1
1404	上海市嘉定区徐行中学	30	1
1405	上海市嘉定区戬浜中学	30	1
1406	上海市嘉定区曹王中学	30	1
1407	上海市嘉定区民办育英高级中学	30	1
1408	上海市嘉定区江桥中学	30	1
1409	上海市嘉定区第一中学	30	1
1410	上海市嘉定区第二中学	30	1
1411	上海市嘉定区苏民中学	30	1
1412	上海市嘉定区马陆中学	30	1
1413	上海市嘉定区黄渡中学	30	1
1414	上海市民办嘉宝高级中学	30	1
1415	上海市民办槎溪高级中学	30	1
1416	上海市育才中学	30	1
1417	上海市行政管理学校 	30	1
1418	上海海运学校	30	1
1419	嘉定区华亭中学	30	1
1420	嘉定区南翔镇怀少学校	30	1
1421	嘉定区南苑中学	30	1
1422	嘉定区启良中学	30	1
1423	嘉定区娄塘中学	30	1
1424	嘉定区实验中学	30	1
1425	嘉定区戬浜学校	30	1
1426	嘉定区方泰中学	30	1
1427	嘉定区李园中学	30	1
1428	嘉定区迎园中学	30	1
1429	上海商业会计学校	31	1
1430	上海市三林中学	31	1
1431	上海市三林中学东校	31	1
1432	上海市三林中学北校	31	1
1433	上海市上南中学	31	1
1434	上海市上南中学东校	31	1
1435	上海市上南中学北校	31	1
1436	上海市上川中学	31	1
1437	上海市东南中学	31	1
1438	上海市东城高级中学	31	1
1439	上海市东昌中学北校	31	1
1440	上海市东林中学	31	1
1441	上海市东格致中学	31	1
1442	上海市东陆学校	31	1
1443	上海市临川中学	31	1
1444	上海市云台中学	31	1
1445	上海市五三中学	31	1
1446	上海市侨光中学	31	1
1447	上海市六团中学	31	1
1448	上海市凌桥中学	31	1
1449	上海市北蔡中学	31	1
1450	上海市华林中学	31	1
1451	上海市历城中学	31	1
1452	上海市合庆中学	31	1
1453	上海市唐镇中学	31	1
1454	上海市塘桥中学	31	1
1455	上海市孙桥中学	31	1
1456	上海市实验学校浦东分校	31	1
1457	上海市川沙中学	31	1
1458	上海市川沙中学华夏西校	31	1
1459	上海市川沙中学南校	31	1
1460	上海市建平世纪中学	31	1
1461	上海市建平中学	31	1
1462	上海市建平中学西校	31	1
1463	上海市建平实验学校	31	1
1464	上海市张杨中学	31	1
1465	上海市张江中学	31	1
1466	上海市德州中学	31	1
1467	上海市文建中学	31	1
1468	上海市新南中学	31	1
1469	上海市新南中学分部	31	1
1470	上海市新陆中学	31	1
1471	上海市施湾中学	31	1
1472	上海市杨园中学	31	1
1473	上海市杨思中学	31	1
1474	上海市杨思南校	31	1
1475	上海市林昌中学	31	1
1476	上海市栖山中学	31	1
1477	上海市民办丰华高级中学	31	1
1478	上海市民办前进高级中学	31	1
1479	上海市民办外高桥中学	31	1
1480	上海市民办常青高级中学	31	1
1481	上海市民办振东高级中学	31	1
1482	上海市民办民远高级中学	31	1
1483	上海市民办牧羊神学校	31	1
1484	上海市民办育辛高级中学	31	1
1485	上海市汇文中学	31	1
1486	上海市江镇中学	31	1
1487	上海市江镇中学	31	1
1488	上海市沪东中学	31	1
1489	上海市沪新中学浦东分校	31	1
1490	上海市泾南中学	31	1
1491	上海市洋恒高级中学	31	1
1492	上海市洋泾中学	31	1
1493	上海市洋泾中学东校	31	1
1494	上海市洋泾中学南校	31	1
1495	上海市洪山中学	31	1
1496	上海市浦东中学	31	1
1497	上海市浦东新区实习学校	31	1
1498	上海市浦东新区振华莲溪中学	31	1
1499	上海市浦东新区教育学院实验中学	31	1
1500	上海市浦东新区王港中学	31	1
1501	上海市浦东模范中学	31	1
1502	上海市浦兴中学	31	1
1503	上海市浦泾中学	31	1
1504	上海市清流中学	31	1
1505	上海市港湾学校	31	1
1506	上海市灵山中学	31	1
1507	上海市理想中学	31	1
1508	上海市竹园中学	31	1
1509	上海市绿川中学	31	1
1510	上海市罗山中学	31	1
1511	上海市育人中学	31	1
1512	上海市育民中学	31	1
1513	上海市致远中学	31	1
1514	上海市蔡路中学	31	1
1515	上海市贤达中学	31	1
1516	上海市进才中学	31	1
1517	上海市进才中学北校	31	1
1518	上海市金川中学	31	1
1519	上海市金杨中学	31	1
1520	上海市长岛学校	31	1
1521	上海市陆洋学校	31	1
1522	上海市陆行中学	31	1
1523	上海市雪野中学	31	1
1524	上海市震旦中学	31	1
1525	上海市顾路中学	31	1
1526	上海市香山中学	31	1
1527	上海市高东中学	31	1
1528	上海市高桥中学	31	1
1529	上海市高桥中学西校	31	1
1530	上海市高行中学	31	1
1531	上海市黄楼中学	31	1
1532	上海市龚路中学	31	1
1533	上海旭东中学	31	1
1534	上海民办东方阶梯双语学校	31	1
1535	上海海运学校	31	1
1536	上海由由中学	31	1
1537	上海育青中学	31	1
1538	东方世纪学校 	31	1
1539	东昌东校	31	1
1540	东辉外国语高级中学	31	1
1541	东辉外国语高级中学 	31	1
1542	华东师范大学第二附属中学	31	1
1543	华东师范大学附属东昌中学	31	1
1544	华东师范大学附属东昌中学南校	31	1
1545	川沙中学北校(浦东第一少年儿童体育学校)	31	1
1546	沪新中学陶艺馆	31	1
1547	洋泾-菊园实验学校	31	1
1548	浦东外国语学校 	31	1
1549	浦南中学	31	1
1550	上海市交大南洋中学	32	1
1551	上海市亭新中学	32	1
1552	上海市亭林中学	32	1
1553	上海市兴塔中学	32	1
1554	上海市吕巷中学	32	1
1555	上海市山阳中学	32	1
1556	上海市干巷学校	32	1
1557	上海市平乐学校	32	1
1558	上海市廊下中学	32	1
1559	上海市张堰中学	32	1
1560	上海市张堰第二中学	32	1
1561	上海市新农学校	32	1
1562	上海市朱泾中学	32	1
1563	上海市朱行中学	32	1
1564	上海市松隐中学	32	1
1565	上海市枫围中学	32	1
1566	上海市枫泾中学	32	1
1567	上海市民办师大实验中学	32	1
1568	上海市民办金盟中学	32	1
1569	上海市石化第五中学	32	1
1570	上海市罗星中学	32	1
1571	上海市蒙山中学	32	1
1572	上海市金卫中学	32	1
1573	上海市金山中学	32	1
1574	上海市钱圩中学	32	1
1575	上海师范大学第二附属中学	32	1
1576	上海漕泾中学	32	1
1577	上海石化第四中学	32	1
1578	上海金山区张堰专修学校	32	1
1579	华东师范大学第三附属中学	32	1
1580	上海大学附属外国语中学	33	1
1581	上海市松江九峰实验学校	33	1
1582	上海市松江二中	33	1
1583	上海市松江区九亭中学	33	1
1584	上海市松江区五厍中学	33	1
1585	上海市松江区仓桥中学	33	1
1586	上海市松江区佘山中学	33	1
1587	上海市松江区华阳桥中学	33	1
1588	上海市松江区古松学校	33	1
1589	上海市松江区叶榭中学	33	1
1590	上海市松江区大港中学	33	1
1591	上海市松江区天马山中学	33	1
1592	上海市松江区小昆山中学	33	1
1593	上海市松江区张泽中学	33	1
1594	上海市松江区思贤学校	33	1
1595	上海市松江区新桥中学	33	1
1596	上海市松江区新浜中学	33	1
1597	上海市松江区李塔汇学校	33	1
1598	上海市松江区民乐学校	33	1
1599	上海市松江区泖港学校	33	1
1600	上海市松江区洞泾学校	33	1
1601	上海市松江区第一中学	33	1
1602	上海市松江区第七中学	33	1
1603	上海市松江区第三中学	33	1
1604	上海市松江区第五中学	33	1
1605	上海市松江区第六中学	33	1
1606	上海市松江区第四中学	33	1
1607	上海市松江区茸北中学	33	1
1608	上海市松江区车墩中学	33	1
1609	上海市民办新世纪江海学校	33	1
1610	上海师范大学附属外国语中学	33	1
1611	上海松江区民办茸一中学	33	1
1612	上海砖桥学校	33	1
1613	上海黎安中学	33	1
1614	安徽为民学校	33	1
1615	上海市民办童的梦中学	34	1
1616	上海市民办锦绣园中学	34	1
1617	上海市青浦区东湖中学	34	1
1618	上海市青浦区石街中学	34	1
1619	上海市青浦区赵屯中学	34	1
1620	上海市青浦区重固中学	34	1
1621	上海市青浦区金泽中学	34	1
1622	上海市青浦区颜安中学	34	1
1623	上海市青浦高级中学	34	1
1624	上海师范大学附属西岑中学	34	1
1625	上海西译中学	34	1
1626	青浦东方中学	34	1
1627	青浦区北崧中学	34	1
1628	青浦区商榻卫生院	34	1
1629	青浦区大盈学校	34	1
1630	青浦区实验中学	34	1
1631	青浦区尚美中学	34	1
1632	青浦区朱家角中学	34	1
1633	青浦区环城学校	34	1
1634	青浦区白鹤中学	34	1
1635	青浦区第一中学	34	1
1636	青浦区第二中学	34	1
1637	青浦区练塘第二中学	34	1
1638	上海南汇中学	35	1
1639	上海尚德实验学校	35	1
1640	上海市南汇区下沙中学	35	1
1641	上海市南汇区听潮中学	35	1
1642	上海市南汇区瓦屑镇育才学校	35	1
1643	上海市南汇区第二中学	35	1
1644	上海市南汇县东海镇东海学校	35	1
1645	上海市南汇县吴迅中学	35	1
1646	上海市南汇县实验学校	35	1
1647	上海市南汇县宣桥镇学校	35	1
1648	上海市南汇县惠南中学	35	1
1649	上海市南汇县新场中学	35	1
1650	上海市南汇县祝桥高级中学	35	1
1651	上海市南汇县芦潮港秋萍学校	35	1
1652	上海市民办双翼学校	35	1
1653	上海市民办新黄浦实验学校	35	1
1654	上海市民办浦发中学	35	1
1655	上海市芦潮港农场育华学校	35	1
1656	华东师大附属周浦中学	35	1
1657	南汇区周浦镇八一中学	35	1
1658	南汇县万祥学校	35	1
1659	南汇县大团中学	35	1
1660	南汇县泥城中学	35	1
1661	南汇县老港中学	35	1
1662	尚德实验学校	35	1
1663	民办上海工商外国语职业学院附属中学	35	1
1664	上海协和实验学校	36	1
1665	上海奉贤区致远高级中学	36	1
1666	上海市五四农场中学	36	1
1667	上海市奉贤区头桥中学	36	1
1668	上海市奉贤区平按中学	36	1
1669	上海市奉贤区庄行中学	36	1
1670	上海市奉贤县光明中学	36	1
1671	上海市奉贤县南桥中学	36	1
1672	上海市奉贤县古华中学	36	1
1673	上海市奉贤县四团中学	36	1
1674	上海市奉贤县塘外中学	36	1
1675	上海市奉贤县奉城第二中学	36	1
1676	上海市奉贤县奉贤中学	36	1
1677	上海市奉贤县新寺中学	36	1
1678	上海市奉贤县曙光中学	36	1
1679	上海市奉贤县肖塘中学	36	1
1680	上海市奉贤县育秀实验学校	36	1
1681	上海市奉贤县胡桥学校	36	1
1682	上海市奉贤县齐贤中学	36	1
1683	上海市星火农场中学	36	1
1684	上海师范大学第四附属中学	36	1
1685	奉贤区实验中学	36	1
1686	奉贤县华亭学校	36	1
1687	奉贤县奉城中学	36	1
1688	奉贤县柘林学校	36	1
1689	奉贤县泰日中学	36	1
1690	奉贤县洪庙中学	36	1
1691	奉贤县西渡中学	36	1
1692	奉贤县邬桥中学	36	1
1693	奉贤县邵厂中学	36	1
1694	奉贤县青村中学	36	1
1695	上海农工商集团长征总公司教育中心	37	1
1696	上海崇明县中华高级中学	37	1
1697	上海市前哨农场职工子弟学校	37	1
1698	上海市崇明中学	37	1
1699	上海市新海农场中学	37	1
1700	上海市长江中学	37	1
1701	崇明县三乐中学	37	1
1702	崇明县三星中学	37	1
1703	崇明县三烈中学	37	1
1704	崇明县体育学校	37	1
1705	崇明县凌云中学	37	1
1706	崇明县合兴中学	37	1
1707	崇明县向化中学	37	1
1708	崇明县城东中学	37	1
1709	崇明县城北中学	37	1
1710	崇明县城桥中学	37	1
1711	崇明县堡镇中学	37	1
1712	崇明县大公中学	37	1
1713	崇明县大同中学	37	1
1714	崇明县大新中学	37	1
1715	崇明县宏达中学	37	1
1716	崇明县实验中学	37	1
1717	崇明县崇东中学	37	1
1718	崇明县崇西中学	37	1
1719	崇明县建设中学	37	1
1720	崇明县扬子高级中学	37	1
1721	崇明县新光中学	37	1
1722	崇明县新村九年制学校	37	1
1723	崇明县新民中学	37	1
1724	崇明县新河中学	37	1
1725	崇明县民一中学	37	1
1726	崇明县民办大通中学	37	1
1727	崇明县民本中学	37	1
1728	崇明县海桥中学	37	1
1729	崇明县港西中学	37	1
1730	崇明县登瀛中学	37	1
1731	崇明县绿华中学	37	1
1732	崇明县育林中学	37	1
1733	崇明县裕安中心	37	1
1734	崇明县阜康中学	37	1
1735	崇明县马桥中学	37	1
1736	天津和平区第五十五中学	38	1
1737	天津市世纪中学	38	1
1738	天津市华光中学	38	1
1739	天津市华星中学	38	1
1740	天津市双菱中学	38	1
1741	天津市合江路中学	38	1
1742	天津市和平中学	38	1
1743	天津市和平区教学设备站	38	1
1744	天津市和平区校办企业公司	38	1
1745	天津市和平区校舍维修管理工作站	38	1
1746	天津市和平区艺术中学	38	1
1747	天津市幼儿师范学校	38	1
1748	天津市幼儿师范学校培训部	38	1
1749	天津市幼儿师资培训中心	38	1
1750	天津市振新中学	38	1
1751	天津市教育局职业技术教育中心	38	1
1752	天津市星座中学	38	1
1753	天津市汇文中学	38	1
1754	天津市汉阳道中学	38	1
1755	天津市海资曼钢琴学校	38	1
1756	天津市滨江中学	38	1
1757	天津市礼仪职业中等专业学校	38	1
1758	天津市第一中学	38	1
1759	天津市第九十中学	38	1
1760	天津市第二十一中学	38	1
1761	天津市第二十中学	38	1			
1762	天津市第二南开中学	38	1			
1763	天津市第五十九中学	38	1			
1764	天津市第五十五中学	38	1			
1765	天津市第五十八中学	38	1			
1766	天津市第六十一中学	38	1			
1767	天津市第十一中学	38	1			
1768	天津市第十七中学	38	1			
1769	天津市第十九中学	38	1			
1770	天津市第十二中学	38	1			
1771	天津市耀华中学	38	1			
1772	天津市育人中学	38	1			
1773	天津市长征中学	38	1			
1774	津南区业余体校	38	1			
1775	天津市五四中学	39	1			
1776	天津市华夏艺术学校	39	1			
1777	天津市华杰中学	39	1			
1778	天津市华英中学	39	1			
1779	天津市博瀚中学	39	1			
1780	天津市树德中学	39	1			
1781	天津市正风中学	39	1			
1782	天津市河东区一号桥中学	39	1			
1783	天津市河东区三槐里中学	39	1			
1784	天津市河东区中山门中学	39	1			
1785	天津市河东区二号桥中学	39	1			
1786	天津市河东区会德里中学	39	1			
1787	天津市河东区元奎里中学	39	1			
1788	天津市河东区动局子中学	39	1			
1789	天津市河东区唐口中学	39	1			
1790	天津市河东区外国语学校	39	1			
1791	天津市河东区大桥道第二中学	39	1			
1792	天津市河东区天山路中学	39	1			
1793	天津市河东区嵩山道中学	39	1			
1794	天津市河东区新开路中学	39	1			
1795	天津市河东区沙柳路中学	39	1			
1796	天津市河东区田庄中学	39	1			
1797	天津市河东区盘山道中学	39	1			
1798	天津市河东区福东中学	39	1			
1799	天津市河东区第九十八中学	39	1			
1800	天津市河东区红旗中学	39	1			
1801	天津市河东区郭庄子中学	39	1			
1802	天津市河东区香山道中学	39	1			
1803	天津市津华中学	39	1			
1804	天津市王串场中学	39	1			
1805	天津市第93中学	39	1			
1806	天津市第一商业学校 	39	1			
1807	天津市第一零二中学	39	1			
1808	天津市第七中学	39	1			
1809	天津市第七十二中学	39	1			
1810	天津市第七十五中学	39	1			
1811	天津市第三十二中学	39	1			
1812	天津市第三十八中学	39	1			
1813	天津市第九十八中学	39	1			
1814	天津市第二十八中学	39	1			
1815	天津市第五十四中学	39	1			
1816	天津市第八中学	39	1			
1817	天津市第八十二中学	39	1			
1818	天津市第八十六中学	39	1			
1819	天津市第四十五中学	39	1			
1820	天津市育才中学	39	1			
1821	天津市育杰高级中学	39	1			
1822	天津市进取中学	39	1			
1823	天津市风华中学	39	1			
1824	天津铁厂中学	39	1			
1825	音乐学院附中	39	1			
1826	北京师范大学天津附属中学	40	1			
1827	天津市人民公园中学	40	1			
1828	天津市佟楼中学	40	1			
1829	天津市兴国学校	40	1			
1830	天津市华冠中学	40	1			
1831	天津市华宁中学	40	1			
1832	天津市卓群高级中学	40	1			
1833	天津市南楼中学	40	1			
1834	天津市双水道中学	40	1			
1835	天津市城市职业学院河西分院	40	1			
1836	天津市培杰中学	40	1			
1837	天津市大沽路中学(加挂)	40	1			
1838	天津市宁波道中学	40	1			
1839	天津市实验中学	40	1			
1840	天津市尖山中学	40	1			
1841	天津市幼儿教育教学研究室	40	1			
1842	天津市微山路中学	40	1			
1843	天津市教育招生考试院	40	1			
1844	天津市教育教学研究室	40	1			
1845	天津市新华中学	40	1			
1846	天津市曲江路中学	40	1			
1847	天津市机械工业管理局教育培训中心	40	1			
1848	天津市机电工业控股集团公司干部中等专业学	40	1			
1849	天津市机电工业教育教学研究室	40	1			
1850	天津市枫林路中学	40	1			
1851	天津市求实中学	40	1			
1852	天津市河西中学	40	1			
1853	天津市河西区双水道中学	40	1			
1854	天津市河西区陈塘庄中学	40	1			
1855	天津市津沽实验中学	40	1			
1856	天津市津沽高级中学	40	1			
1857	天津市海河中学	40	1			
1858	天津市滨湖中学	40	1			
1859	天津市环湖中学	40	1			
1860	天津市盲人学校	40	1			
1861	天津市私立同仁女子中学	40	1			
1862	天津市第一0六中学	40	1			
1863	天津市第一一三中学	40	1			
1864	天津市第九十七中学	40	1			
1865	天津市第四中学	40	1			
1866	天津市第四十一中学	40	1			
1867	天津市第四十二中学	40	1			
1868	天津市西南楼中学	40	1			
1869	天津市解放南路中学	40	1			
1870	南开大学附属中学 	41	1			
1871	天津中学	41	1			
1872	天津大学附属中学	41	1			
1873	天津市一一0中学	41	1			
1874	天津市东门里中学	41	1			
1875	天津市中山中学	41	1			
1876	天津市二十九中学	41	1			
1877	天津市华泽高级中学	41	1			
1878	天津市南开中学	41	1			
1879	天津市南开体育学校	41	1			
1880	天津市南开外国语中学	41	1			
1881	天津市南开实验学校	41	1			
1882	天津市南开翔宇教育发展有限公司	41	1			
1883	天津市嘉陵道中学	41	1			
1884	天津市城市经济与管理学校	41	1			
1885	天津市外语师范学校	41	1			
1886	天津市天明中学	41	1			
1887	天津市天津中学	41	1			
1888	天津市密云路中学	41	1			
1889	天津市广播电视中等专业学校	41	1			
1890	天津市成人教育理论研究室	41	1			
1891	天津市爱华外国语学校	41	1			
1892	天津市益中学校	41	1			
1893	天津市第112中学	41	1			
1894	天津市第一0九中学	41	1			
1895	天津市第一一O中学	41	1			
1896	天津市第一零九中学	41	1			
1897	天津市第七十四中学	41	1			
1898	天津市第三十一中学	41	1			
1899	天津市第三十一中学分校	41	1			
1900	天津市第九十九中学	41	1			
1901	天津市第九十四中学	41	1			
1902	天津市第二十九中学	41	1			
1903	天津市第二十五中学	41	1			
1904	天津市第二工读学校	41	1			
1905	天津市第五十中学	41	1			
1906	天津市第五十六中学	41	1			
1907	天津市第六十七中学	41	1			
1908	天津市第六十三中学	41	1			
1909	天津市第六十六中学	41	1			
1910	天津市第四十三中学	41	1			
1911	天津市网圆培训学校	41	1			
1912	天津市育德中学	41	1			
1913	天津市育红中学	41	1			
1914	天津市西南角中学	41	1			
1915	天津市青年路中学	41	1			
1916	天津市鸿志中学	41	1			
1917	珠海市第四中学	41	1			
1918	万盛高级中学	42	1			
1919	务实中学	42	1			
1920	华狮美术学校	42	1			
1921	双建中学	42	1			
1922	双环中学	42	1			
1923	天士力中学	42	1			
1924	天慈中学	42	1			
1925	天成中学	42	1			
1926	天津外国语学院附属外国语学校	42	1			
1927	天津市一号路中学	42	1			
1928	天津市五十七中学	42	1			
1929	天津市京津中学	42	1			
1930	天津市华安街中学	42	1			
1931	天津市博文中学	42	1			
1932	天津市志成道中学	42	1			
1933	天津市新大路中学	42	1			
1934	天津市新开中学	42	1			
1935	天津市正华学校	42	1			
1936	天津市求真高级中学	42	1			
1937	天津市河北中学美术高中	42	1			
1938	天津市泰兴路中学	42	1			
1939	天津市第七十七中学	42	1			
1940	天津市第七十八中学	42	1			
1941	天津市第七十六中学	42	1			
1942	天津市第三十中学	42	1			
1943	天津市第三十九中学	42	1			
1944	天津市第三十五中学	42	1			
1945	天津市第二中学	42	1			
1946	天津市第二十六中学	42	1			
1947	天津市第二十四中学	42	1			
1948	天津市第二幼儿师范学校	42	1			
1949	天津市第五十七中学	42	1			
1950	天津市第五十三中学	42	1			
1951	天津市第八十四中学	42	1			
1952	天津市第六十九中学	42	1			
1953	天津市第十中学	42	1			
1954	天津市第十四中学	42	1			
1955	天津市第四十八中学	42	1			
1956	天津市红光中学	42	1			
1957	天津市靖江路中学	42	1			
1958	天津美术学院美术高中	42	1			
1959	天津语言学校	42	1			
1960	扶轮中学	42	1			
1961	河北外国语中学	42	1			
1962	津北中学	42	1			
1963	渤海职业中等专业学校	42	1			
1964	移山中学	42	1			
1965	路华中学	42	1			
1966	天津市三环中学	43	1			
1967	天津市丰泽中学	43	1			
1968	天津市仁和中学	43	1			
1969	天津市佳春中学	43	1			
1970	天津市六十五中学	43	1			
1971	天津市凤城路中学	43	1			
1972	天津市北洋中学	43	1			
1973	天津市北门东中学	43	1			
1974	天津市协同中学	43	1			
1975	天津市回民中学	43	1			
1976	天津市圣业中学	43	1			
1977	天津市复兴中学	43	1			
1978	天津市复兴中学	43	1			
1979	天津市寇华中学	43	1			
1980	天津市弘文中学	43	1			
1981	天津市敬民中学	43	1			
1982	天津市方舟中学	43	1			
1983	天津市民族中学	43	1			
1984	天津市求知中学	43	1			
1985	天津市汽车工业职业中等专业学校培训部	43	1			
1986	天津市私立华津中学	43	1			
1987	天津市第七十一中学	43	1			
1988	天津市第三中学	43	1			
1989	天津市第五中学	43	1			
1990	天津市第五十一中学	43	1			
1991	天津市第八十七中学	43	1			
1992	天津市第八十中学	43	1			
1993	天津市第八十八中学	43	1			
1994	天津市第六十二中学	43	1			
1995	天津市红星中学	43	1			
1996	天津市红桥区会计进修学校	43	1			
1997	天津市红桥区体育学校	43	1			
1998	天津市红桥区教师进修学校培训部	43	1			
1999	天津市红桥外国语中学	43	1			
2000	天津市西沽中学	43	1			
2001	天津市西青道中学	43	1			
2002	天津市铃达中学	43	1			
2003	天津市铃铛阁中学	43	1			
2004	天津市颐和中学	43	1			
2005	瑞景中学	43	1			
2006	塘沽盐场子弟中学	44	1			
2007	天津塘沽紫云中学	44	1			
2008	天津市塘沽区东沽中学	44	1			
2009	天津市塘沽区中心庄中学	44	1			
2010	天津市塘沽区中心桥中学	44	1			
2011	天津市塘沽区于庄子中学	44	1			
2012	天津市塘沽区北塘中学	44	1			
2013	天津市塘沽区博文中学	44	1			
2014	天津市塘沽区外国语学校	44	1			
2015	天津市塘沽区大沽中学	44	1			
2016	天津市塘沽区宁车沽中学	44	1			
2017	天津市塘沽区工农村中学	44	1			
2018	天津市塘沽区新城中学	44	1			
2019	天津市塘沽区新港中学	44	1			
2020	天津市塘沽区河头中学	44	1			
2021	天津市塘沽区滨海中学	44	1			
2022	天津市塘沽区第一中学	44	1			
2023	天津市塘沽区第七中学	44	1			
2024	天津市塘沽区第三中学	44	1			
2025	天津市塘沽区第九中学	44	1			
2026	天津市塘沽区第二中学	44	1			
2027	天津市塘沽区第五中学	44	1			
2028	天津市塘沽区第六中学	44	1			
2029	天津市塘沽区第十一中学	44	1			
2030	天津市塘沽区第十三中学	44	1			
2031	天津市塘沽区第十二中学	44	1			
2032	天津市塘沽区第十五中学	44	1			
2033	天津市塘沽区第十四中学	44	1			
2034	天津市塘沽区第四中学	44	1			
2035	天津市塘沽区胡家园中学	44	1			
2036	天津市塘沽区邓善沽中学	44	1			
2037	天津开发区第一中学	44	1			
2038	渤海石油教育处	44	1			
2039	天津市汉沽区三兴中学	45	1			
2040	天津市汉沽区十中	45	1			
2041	天津市汉沽区后沽中学	45	1			
2042	天津市汉沽区大田中学	45	1			
2043	天津市汉沽区大神堂中学	45	1			
2044	天津市汉沽区桃园中学	45	1			
2045	天津市汉沽区汇才中学	45	1			
2046	天津市汉沽区第一中学	45	1			
2047	天津市汉沽区第七中学	45	1			
2048	天津市汉沽区第三中学	45	1			
2049	天津市汉沽区第九中学	45	1			
2050	天津市汉沽区第二中学	45	1			
2051	天津市汉沽区第五中学	45	1			
2052	天津市汉沽区第八中学	45	1			
2053	天津市汉沽区第六中学	45	1			
2054	天津市汉沽区第四中学	45	1			
2055	天津市汉沽区茶淀中学	45	1			
2056	天津市汉沽区营城中学	45	1			
2057	天津市汉沽区长芦中学	45	1			
2058	天津市汉沽区高庄中学	45	1			
2059	大港八中	46	1			
2060	大港油田实验中学	46	1			
2061	天津光华实验学校	46	1			
2062	天津培英外语实验学校	46	1			
2063	天津市东河筒中学	46	1			
2064	天津市刘岗庄中学	46	1			
2065	天津市大港一中培训部	46	1			
2066	天津市大港三中求实培训部	46	1			
2067	天津市大港区井下职工培训学校	46	1			
2068	天津市大港区人才开发学校	46	1			
2069	天津市大港区务实学校	46	1			
2070	天津市大港区图书馆图腾培训部	46	1			
2071	天津市大港区大诚电脑培训部	46	1			
2072	天津市大港区成人中专	46	1			
2073	天津市大港区新宇培训部	46	1			
2074	天津市大港区油田职业进修学校	46	1			
2075	天津市大港区石化一中培训部	46	1			
2076	天津市大港区第一中学	46	1			
2077	天津市大港区第三中学	46	1			
2078	天津市大港区第二中学	46	1			
2079	天津市大港区第二中学培训部	46	1			
2080	天津市大港区第四中学	46	1			
2081	天津市大港实验中学	46	1			
2082	天津市大港油田一中	46	1			
2083	天津市大港油田文化艺术培训部	46	1			
2084	天津市大港第一中学	46	1			
2085	天津市大港第二中学	46	1			
2086	天津市太平村中学	46	1			
2087	天津市太平村第二中学	46	1			
2088	天津市小王庄中学	46	1			
2089	天津市徐庄子中学	46	1			
2090	天津市沙井子中学	46	1			
2091	天津市油田三中 	46	1			
2092	天津市窦庄子中学	46	1			
2093	天津市苏家园中学	46	1			
2094	天津市赵连庄中学	46	1			
2095	天津市远景中学	46	1			
2096	天津市问登培训学校	46	1			
2097	天津石油化工公司教育中心	46	1			
2098	树才中学 	46	1			
2099	天津市万新中学	47	1			
2100	天津市万新中学(备注)	47	1			
2101	天津市东丽中学	47	1			
2102	天津市东丽区军粮城中学	47	1			
2103	天津市东丽区民族中学	47	1			
2104	天津市丰年中学	47	1			
2105	天津市军粮城第二中学	47	1			
2106	天津市华明中学	47	1			
2107	天津市南孙庄中学	47	1			
2108	天津市四合庄中学	47	1			
2109	天津市大毕庄中学	47	1			
2110	天津市小东庄中学	47	1			
2111	天津市张贵庄中学	47	1			
2112	天津市新袁中学	47	1			
2113	天津市新袁庄中学	47	1			
2114	天津市新越中学	47	1			
2115	天津市李庄中学	47	1			
2116	天津市李庄子中学	47	1			
2117	天津市民进红地学校	47	1			
2118	天津市津门中学	47	1			
2119	天津市程林中学	47	1			
2120	天津市窑上中学	47	1			
2121	天津市立德中学	47	1			
2122	天津市第一百中学	47	1			
2123	天津市赤土中学	47	1			
2124	天津市钢管公司中学	47	1			
2125	翔东中学	47	1			
2126	天津市第九十五中学	48	1			
2127	天津市西青区中北中学	48	1			
2128	天津市西青区中北斜中学	48	1			
2129	天津市西青区付村中学	48	1			
2130	天津市西青区大寺中学	48	1			
2131	天津市西青区张家窝中学	48	1			
2132	天津市西青区当城中学	48	1			
2133	天津市西青区杨柳青第一中学	48	1			
2134	天津市西青区杨柳青第三中学	48	1			
2135	天津市西青区杨柳青第二中学	48	1			
2136	天津市西青区杨柳青第四中学	48	1			
2137	天津市西青区王稳庄中学	48	1			
2138	天津市西青区赵庄子中学	48	1			
2139	天津市静文高级中学	48	1			
2140	天骄高级中学	48	1			
2141	津市天骄高级中学	48	1			
2142	天津市八里台中学	49	1			
2143	天津市北湖中学	49	1			
2144	天津市北闸口中学	49	1			
2145	天津市南洋中学	49	1			
2146	天津市双桥中学	49	1			
2147	天津市双港中学	49	1			
2148	天津市双闸中学	49	1			
2149	天津市后营中学	49	1			
2150	天津市咸水沽第一中学	49	1			
2151	天津市咸水沽第三中学	49	1			
2152	天津市咸水沽第二中学	49	1			
2153	天津市天华高级中学	49	1			
2154	天津市小站第一中学	49	1			
2155	天津市小站第二中学	49	1			
2156	天津市新农中学	49	1			
2157	天津市葛沽第一中学	49	1			
2158	天津市葛沽第三中学	49	1			
2159	天津市辛庄中学	49	1			
2160	民进天津市津南区务实学校	49	1			
2161	菁华中学	49	1			
2162	天津市一一四中学	50	1			
2163	天津市东堤头中学	50	1			
2164	天津市九十六中学	50	1			
2165	天津市北仓第二中学	50	1			
2166	天津市北辰区体育中学	50	1			
2167	天津市北辰区华辰学校	50	1			
2168	天津市北辰区南王平中学	50	1			
2169	天津市北辰区霍庄中学	50	1			
2170	天津市南仓中学	50	1			
2171	天津市双口中学	50	1			
2172	天津市大张庄中学	50	1			
2173	天津市天辰高级中学	50	1			
2174	天津市小淀中学	50	1			
2175	天津市师范学校	50	1			
2176	天津市广夏中学	50	1			
2177	天津市朱唐庄中学	50	1			
2178	天津市柳滩中学	50	1			
2179	天津市河头中学	50	1			
2180	天津市第九十二中学	50	1			
2181	天津市第四十七中学	50	1			
2182	天津市银河高级中学	50	1			
2183	天津市集贤中学	50	1			
2184	天津市青光中学	50	1			
2185	天津市武清县崔黄口中学	51	1			
2186	天津雍阳英华学校	51	1			
2187	武清区南蔡村中学	51	1			
2188	武清区启智学校	51	1			
2189	武清区城关中学	51	1			
2190	武清区大良中学	51	1			
2191	武清区崔黄口中学	51	1			
2192	武清区杨村第一中学	51	1			
2193	武清区杨村第三中学	51	1			
2194	武清区杨村第二中学	51	1			
2195	武清区杨村第五中学	51	1			
2196	武清区杨村第四中学	51	1			
2197	武清区梅厂中学	51	1			
2198	武清区汊沽港中学	51	1			
2199	武清区河西务镇中学	51	1			
2200	武清区王庆坨中学	51	1			
2201	武清区雍阳中学	51	1			
2202	武清区黄花店中学	51	1			
2203	宝坻区三岔口乡教育委员会(总校)	52	1			
2204	宝坻区中登乡教育委员会[总校]	52	1			
2205	宝坻区中登高级中学	52	1			
2206	宝坻区体育中学	52	1			
2207	宝坻区何仉庄乡教育委员会(总校)	52	1			
2208	宝坻区八门城镇教育委员会(总校)	52	1			
2209	宝坻区北潭乡教育委员会(总校)	52	1			
2210	宝坻区南仁孚乡教育委员会(总校)	52	1			
2211	宝坻区口东镇教育委员会(总校)	52	1			
2212	宝坻区史各庄镇教育委员会(总校)	52	1			
2213	宝坻区周良庄镇教育委员会(总校)	52	1			
2214	宝坻区城关二镇教育委员会(总校)	52	1			
2215	宝坻区城关二镇西关中学	52	1			
2216	宝坻区城关二镇镇东东关中学	52	1			
2217	宝坻区城关镇教育委员会[总校]	52	1			
2218	宝坻区大中庄镇中学	52	1			
2219	宝坻区大中庄镇教委(总校)	52	1			
2220	宝坻区大口屯镇教育委员会(总校)	52	1			
2221	宝坻区大口屯高级中学	52	1			
2222	宝坻区大唐庄镇教育委员会(总校)	52	1			
2223	宝坻区大白庄镇中学	52	1			
2224	宝坻区大白庄镇教育委员会(总校)	52	1			
2225	宝坻区大白庄高级中学	52	1			
2226	宝坻区大钟庄高级中学	52	1			
2227	宝坻区尔王庄乡中学	52	1			
2228	宝坻区尔王庄乡教育委员会(总校)	52	1			
2229	宝坻区新安镇教育委员会(总校)	52	1			
2230	宝坻区新开口镇教育委员会[总校]	52	1			
2231	宝坻区方家庄镇教育委员会(总校)	52	1			
2232	宝坻区李家深高级中学	52	1			
2233	宝坻区杨家口乡教育委员会(总校)	52	1			
2234	宝坻区林亭口镇一中	52	1			
2235	宝坻区林亭口镇教育委员会(总校)	52	1			
2236	宝坻区林亭口高级中学	52	1			
2237	宝坻区欢喜庄乡教育委员会[总校]	52	1			
2238	宝坻区牛家牌乡教育委员会(总校)	52	1			
2239	宝坻区牛家牌乡牛家牌中学	52	1			
2240	宝坻区牛道口乡教育委员会[总校]	52	1			
2241	宝坻区牛道口乡普通中学	52	1			
2242	宝坻区王卜庄镇教育委员会[总校]	52	1			
2243	宝坻区王卜庄高级中学	52	1			
2244	宝坻区石桥镇教育委员会(总校)	52	1			
2245	宝坻区第一中学	52	1			
2246	宝坻区第一职业中学	52	1			
2247	宝坻区第三中学	52	1			
2248	宝坻区第二中学	52	1			
2249	宝坻区第四中学	52	1			
2250	宝坻区糙甸中学	52	1			
2251	宝坻区糙甸乡教育委员会(总校)	52	1			
2252	宝坻区育英中学分校	52	1			
2253	宝坻区袁罗庄乡教育委员会(总校)	52	1			
2254	宝坻区赵各庄镇教育委员会(总校)	52	1			
2255	宝坻区郝各庄乡教育委员会[总校]	52	1			
2256	宝坻区霍各庄镇教育委员会(总校)	52	1			
2257	宝坻区马家店镇教育委员会[总校]	52	1			
2258	宝坻区高家庄镇教委(总校)	52	1			
2259	宝坻区黄庄乡教育委员会(总校)	52	1			
2260	宝坻区黑狼口镇教育委员会(总校)	52	1			
2261	宝坻区黑狼口镇黑狼口中学	52	1			
2262	宝坻县体育中学	52	1			
2263	宝坻县林亭口高级中学	52	1			
2264	天津市宁河县中等专业学校	53	1			
2265	天津市宁河县大辛庄乡教育组	53	1			
2266	天津市宁河县岳龙镇中学	53	1			
2267	天津市宁河县岳龙镇教育组	53	1			
2268	天津市宁河县桥北镇教育组	53	1			
2269	天津市宁河县潘庄教育组	53	1			
2270	天津市宁河县芦台第一中学	53	1			
2271	天津市宁河县芦台第三中学	53	1			
2272	天津市宁河县青少年业余体育学校	53	1			
2273	宁河先后棘坨乡教育组	53	1			
2274	宁河县东棘坨乡中学	53	1			
2275	宁河县东棘坨乡教育组	53	1			
2276	宁河县丰台中学	53	1			
2277	宁河县丰台镇中学	53	1			
2278	宁河县丰台镇教育组	53	1			
2279	宁河县任凤中学	53	1			
2280	宁河县任凤乡中学	53	1			
2281	宁河县任凤庄乡教育组	53	1			
2282	宁河县北淮淀乡北淮淀中学	53	1			
2283	宁河县南涧沽乡中学	53	1			
2284	宁河县南涧沽乡教育组	53	1			
2285	宁河县后棘坨乡中学	53	1			
2286	宁河县大北涧沽乡中学	53	1			
2287	宁河县大北涧沽乡教育组	53	1			
2288	宁河县大贾庄乡中学	53	1			
2289	宁河县大贾庄乡教育组	53	1			
2290	宁河县大辛乡中学	53	1			
2291	宁河县大辛乡小月河中心学校	53	1			
2292	宁河县大辛乡江洼口中心学校	53	1			
2293	宁河县宁河镇中学	53	1			
2294	宁河县宁河镇教育组	53	1			
2295	宁河县小李庄乡中学	53	1			
2296	宁河县岳龙乡岳会中心中学	53	1			
2297	宁河县廉庄乡中学	53	1			
2298	宁河县廉庄子乡教育组	53	1			
2299	宁河县招生考试中心	53	1			
2300	宁河县教育局教学设备站	53	1			
2301	宁河县教育教学研究室	53	1			
2302	宁河县教育科学研究室	53	1			
2303	宁河县板桥乡板桥中学	53	1			
2304	宁河县板桥镇教育组	53	1			
2305	宁河县板桥镇板桥中学	53	1			
2306	宁河县桥北镇中学	53	1			
2307	宁河县永兴中学	53	1			
2308	宁河县淮淀乡教育组	53	1			
2309	宁河县潘庄中学	53	1			
2310	宁河县潘庄教育组	53	1			
2311	宁河县潘庄镇中学	53	1			
2312	宁河县潘庄镇教育组	53	1			
2313	宁河县潘庄镇纪庄子中心校	53	1			
2314	宁河县芦台第三中学	53	1			
2315	宁河县芦台第二中学	53	1			
2316	宁河县芦台第五中学	53	1			
2317	宁河县芦台镇教育组	53	1			
2318	宁河县苗庄中学	53	1			
2319	宁河县苗庄镇教育组	53	1			
2320	宁河县董庄乡小薄中学	53	1			
2321	宁河县董庄镇教育组	53	1			
2322	宁河县表口中学	53	1			
2323	宁河县表口乡教育组	53	1			
2324	宁河县赵本庄乡教育组	53	1			
2325	宁河县赵本庄乡赵本乡办中学	53	1			
2326	宁河县造甲城中学	53	1			
2327	宁河县造甲城镇教育组	53	1			
2328	小李庄乡教育组	53	1			
2329	天津市大邱庄尧舜实验学校	54	1			
2330	天津市静海县唐官屯镇大张屯中学	54	1			
2331	天津市静海县子牙中学	54	1			
2332	天津市静海县沿庄镇东滩头中学	54	1			
2333	天津市静海县独流中学	54	1			
2334	天津市静海县陈官屯中学	54	1			
2335	教育委员会府君庙中学	54	1			
2336	静海县中旺中学	54	1			
2337	静海县中旺镇中学	54	1			
2338	静海县中旺镇中旺镇中学	54	1			
2339	静海县中旺镇大庄子中学	54	1			
2340	静海县二堡乡中学	54	1			
2341	静海县双塘镇双塘中学	54	1			
2342	静海县台头中学	54	1			
2343	静海县唐官屯中学	54	1			
2344	静海县唐官屯中学	54	1			
2345	静海县唐官屯镇大郝庄中学	54	1			
2346	静海县团泊镇中学	54	1			
2347	静海县团泊镇胡连庄中学	54	1			
2348	静海县大丰堆乡白公坨中心校	54	1			
2349	静海县大丰堆镇中学	54	1			
2350	静海县大邱庄镇中学	54	1			
2351	静海县子牙镇中学	54	1			
2352	静海县杨成庄乡杨成庄中学	54	1			
2353	静海县梁头中学	54	1			
2354	静海县梁头乡王庄子中心校	54	1			
2355	静海县沿庄镇中学	54	1			
2356	静海县独流镇中学	54	1			
2357	静海县独流镇北肖楼中学	54	1			
2358	静海县王口中学	54	1			
2359	静海县王口乡郑庄中心学校	54	1			
2360	静海县王口镇中学	54	1			
2361	静海县第一中学	54	1			
2362	静海县第二中学	54	1			
2363	静海县第五中学	54	1			
2364	静海县第六中学	54	1			
2365	静海县第四中学	54	1			
2366	静海县良王庄乡中学	54	1			
2367	静海县蔡公庄中学	54	1			
2368	静海县蔡公庄中学	54	1			
2369	静海县西翟庄乡西翟庄中学	54	1			
2370	静海县陈官屯镇中学	54	1			
2371	静海县陈官屯镇王官屯中学	54	1			
2372	静海县静海镇徐庄子中学	54	1			
2373	静海汇才中学	54	1			
2374	天津市蓟县邦均中学	55	1			
2375	天津市蓟州中学	55	1			
2376	蓟县三岔口乡三岔口中学	55	1			
2377	蓟县上仓中学	55	1			
2378	蓟县下仓中学	55	1			
2379	蓟县下营中学	55	1			
2380	蓟县东二营乡东二营中学	55	1			
2381	蓟县五百户乡华严寺中学	55	1			
2382	蓟县刘家顶乡刘家顶中学	55	1			
2383	蓟县别山乡下里庄中学	55	1			
2384	蓟县城关第二中学	55	1			
2385	蓟县城关第五中学	55	1			
2386	蓟县城关第四中学	55	1			
2387	蓟县城关镇中学	55	1			
2388	蓟县大上乡中学	55	1			
2389	蓟县官庄镇南营中学	55	1			
2390	蓟县官庄镇官庄中学	55	1			
2391	蓟县小港乡小港中学	55	1			
2392	蓟县康各庄中学	55	1			
2393	蓟县擂古台中学	55	1			
2394	蓟县杨家楼中学	55	1			
2395	蓟县洇溜镇中学	55	1			
2396	蓟县洪水庄乡洪水庄村中学	55	1			
2397	蓟县渔阳中学	55	1			
2398	蓟县白塔子乡白塔子中学	55	1			
2399	蓟县穿芳峪乡穿芳峪中学	55	1			
2400	蓟县第一中学	55	1			
2401	蓟县罗庄子中学	55	1			
2402	蓟县翠屏山镇科科中学	55	1			
2403	蓟县蒙O乡中学	55	1			
2404	蓟县西塔庄乡西塔中学	55	1			
2405	蓟县西龙虎峪乡中学	55	1			
2406	蓟县西龙虎峪乡南贾庄中学	55	1			
2407	蓟县许家台乡许家台中学	55	1			
2408	蓟县马伸桥中学	55	1			
2409	万州区沙河中学	56	1			
2410	重庆市万州中学	56	1			
2411	重庆市万州区三峡行知学校	56	1			
2412	重庆市万州区上海中学	56	1			
2413	重庆市万州区凉风中学	56	1			
2414	重庆市万州区分水中学	56	1			
2415	重庆市万州区太白中学	56	1			
2416	重庆市万州区新华学校	56	1			
2417	重庆市万州区新田中学	56	1			
2418	重庆市万州区桥亭中学	56	1			
2419	重庆市万州区武陵中学	56	1			
2420	重庆市万州区清泉中学	56	1			
2421	重庆市万州区熊家中学	56	1			
2422	重庆市万州区白岩学校	56	1			
2423	重庆市万州区纯阳实验学校	56	1			
2424	重庆市万州区赛德国际学校	56	1			
2425	重庆市万州区高龙中学	56	1			
2426	重庆市万州区鱼泉中学	56	1			
2427	重庆市万州区龙宝中学	56	1			
2428	重庆市万州区龙驹中学	56	1			
2429	重庆市万州协文中学	56	1			
2430	重庆市万州博文实验学校	56	1			
2431	重庆市万州外国语学校	56	1			
2432	重庆市万州实验中学	56	1			
2433	重庆市万州树人学校	56	1				
2434	重庆市万州第一中学	56	1				
2435	重庆市万州第三中学	56	1				
2436	重庆市万州第二中学	56	1				
2437	重庆市万州辅成学校	56	1				
2438	重庆市万州龙都中学	56	1				
2439	乌江职业学校	57	1				
2440	涪陵区仁义乡中学	57	1				
2441	涪陵区仁义乡百汇中学	57	1				
2442	涪陵区南沱镇中学	57	1				
2443	涪陵区天台乡中学	57	1				
2444	涪陵区李渡镇金银中学	57	1				
2445	涪陵区李渡镇马安中学	57	1				
2446	涪陵区桥南光明中学	57	1				
2447	涪陵区石沱镇中学	57	1				
2448	涪陵区第七中学	57	1				
2449	涪陵区第二中学	57	1				
2450	涪陵区第十三中学	57	1				
2451	涪陵区第十二中学	57	1				
2452	涪陵区致韩镇中学	57	1				
2453	涪陵区致韩镇石泉中学	57	1				
2454	涪陵区蔺市镇中学	57	1				
2455	涪陵区镇安镇中学大柏分校	57	1				
2456	涪陵师范学院附中	57	1				
2457	涪陵江东中学	57	1				
2458	涪陵第十一中学	57	1				
2459	涪陵第四中学	57	1				
2460	重庆市涪双石中学	57	1				
2461	重庆市涪陵中学	57	1				
2462	重庆市涪陵区第五中学	57	1				
2463	重庆市涪陵区第十中学	57	1				
2464	重庆市涪陵实验中学	57	1				
2465	重庆市涪陵桥南中学学校	57	1
2466	重庆市涪陵第一中学	57	1
2467	重庆市涪陵第九中学	57	1
2468	重庆市涪陵第八中学	57	1
2469	重庆市涪陵第十五中学	57	1
2470	重庆市涪陵第十六中学	57	1
2471	重庆市涪陵第十四中学	57	1
2472	长江师范学院附属中学	57	1
2473	重庆二十九中	58	1
2474	重庆五十七中学	58	1
2475	重庆五十四中学	58	1
2476	重庆华光实验学校	58	1
2477	重庆复旦中学	58	1
2478	重庆市四十中学	58	1
2479	重庆市实验学校	58	1
2480	重庆市巴蜀中学	58	1
2481	重庆市建设中学	58	1
2482	重庆市第三十中	58	1
2483	重庆市第二十九中学分部(原重庆第二中)	58	1
2484	重庆市第五十七中学	58	1
2485	重庆市第五十三中学总部	58	1
2486	重庆市第五十中学	58	1
2487	重庆市第六十二中学	58	1
2488	重庆市第四十二中学	58	1
2489	重庆求精中学	58	1
2490	重庆第二十五中学	58	1
2491	重庆第二十六中学	58	1
2492	重庆第六十七中学	58	1
2493	十八冶二子中	59	1
2494	重庆市大渡口区八桥中学	59	1
2495	重庆市第三十七中学	59	1
2496	重庆市茄子溪中学	59	1
2497	重庆市钢城中学	59	1
2498	重庆市长征学校	59	1
2499	重庆是商务中学	59	1
2500	重庆跳蹬中学	59	1
2501	重庆寸滩职业中学	60	1
2502	重庆市东风船舶工业公司东风职工子弟校	60	1
2503	重庆市五里店职业中学	60	1
2504	重庆市八十五中学	60	1
2505	重庆市十六中学	60	1
2506	重庆市江北区字水中学	60	1
2507	重庆市江北区石盘中学	60	1
2508	重庆市第十九中学	60	1
2509	重庆市第十八中学	60	1
2510	重庆市第十八中学	60	1
2511	重庆市第十四中学	60	1
2512	重庆市第四十五中学	60	1
2513	重庆市第四十六中学	60	1
2514	重庆市蜀都中学	60	1
2515	重庆市观音桥实验中学	60	1
2516	重庆长安长和中学	60	1
2517	长安公司203中学	60	1
2518	嘉陵工业有限公司嘉陵中学	61	1
2519	嘉陵工业有限公司职业技术学院	61	1
2520	重庆二棉中学	61	1
2521	重庆凤鸣山中学	61	1
2522	重庆双碑中学	61	1
2523	重庆大学附属中学	61	1
2524	重庆市上桥中学	61	1
2525	重庆市南开中学	61	1
2526	重庆市名校联合中学	61	1
2527	重庆市天星桥中学	61	1
2528	重庆市歌乐山中学	61	1
2529	重庆市沙坪坝区中梁镇新发中学	61	1
2530	重庆市沙坪坝区凤凰镇中学	61	1
2531	重庆市沙坪坝实验中学	61	1
2532	重庆市第一中学	61	1
2533	重庆市第一中寄宿学校	61	1
2534	重庆市第七中学	61	1
2535	重庆市第三中学	61	1
2536	重庆市第二十八中	61	1
2537	重庆市第八中学	61	1
2538	重庆市第六十八学校	61	1
2539	重庆市第十五中学	61	1
2540	重庆市青木关中学	61	1
2541	重庆第三十二中学	61	1
2542	重庆第六十四中学	61	1
2543	重庆虎溪电机厂子弟学校	61	1
2544	重庆西藏中学	61	1
2545	四川外语学院附属外国语学校	62	1
2546	建设工业(集团)公司第二中学	62	1
2547	建设工业集团有限责任公司第一中学	62	1
2548	西南铝加工厂	62	1
2549	重庆市七十九中学	62	1
2550	重庆市九龙坡区东升学校	62	1
2551	重庆市九龙坡区华岩中学	62	1
2552	重庆市九龙坡区含谷镇中学	62	1
2553	重庆市九龙坡区巴福镇中学	62	1
2554	重庆市九龙坡区白市驿镇第一中学	62	1
2555	重庆市九龙坡区白市驿镇第二中学	62	1
2556	重庆市九龙坡区石板镇中学	62	1
2557	重庆市九龙坡区西彭镇第一中学	62	1
2558	重庆市九龙坡区西彭镇第三中学	62	1
2559	重庆市九龙坡区西彭镇第二中学	62	1
2560	重庆市九龙坡区走马镇中学	62	1
2561	重庆市九龙坡区辰光九年制学校	62	1
2562	重庆市九龙坡区金凤镇中学	62	1
2563	重庆市九龙坡区铜罐驿镇中学	62	1
2564	重庆市九龙坡区陶家镇中学	62	1
2565	重庆市九龙外语学校	62	1
2566	重庆市人和中学	62	1
2567	重庆市六十五中学	62	1
2568	重庆市四十七中学	62	1
2569	重庆市杨家坪中学	62	1
2570	重庆市渝西中学	62	1
2571	重庆市渝高中学	62	1
2572	重庆市田家炳中学	62	1
2573	重庆市红光中学	62	1
2574	重庆市育才中学	62	1
2575	重庆市育才中学分部	62	1
2576	重庆市西郊实验中学	62	1
2577	重庆市铁路中学	62	1
2578	重庆铁路中学	62	1
2579	重庆铝城中学 	62	1
2580	重庆铝称中学	62	1
2581	南坪中学	63	1
2582	广益中学	63	1
2583	明光仪器厂子弟校	63	1
2584	涂山中学	63	1
2585	滨江实验学校	63	1
2586	珊瑚中学	63	1
2587	白沙沱职业中学	63	1
2588	职工子弟校	63	1
2589	辅仁学校	63	1
2590	重庆市110中	63	1
2591	重庆市110中学	63	1
2592	重庆市91中学	63	1
2593	重庆市三十八中学	63	1
2594	重庆市八十八中学	63	1
2595	重庆市八十四中学	63	1
2596	重庆市第三十九中学	63	1
2597	重庆市第十一中学	63	1
2598	重庆开明实验学校	63	1
2599	重庆水泥厂子弟中学	63	1
2600	重庆电力建设总公司子弟中学	63	1
2601	重庆第三棉纺织厂子弟中学	63	1
2602	重庆第二外国语学校	63	1
2603	重庆造船厂子弟校	63	1
2604	重庆长江电工厂子弟校	63	1
2605	长生桥中学	63	1
2606	天府矿务局第三子弟中学	64	1
2607	西南师大附中	64	1
2608	西南师范大学外语学院附属北碚外语校	64	1
2609	西南师范学院附属中学	64	1
2610	重庆华光仪器厂职工子弟学校	64	1
2611	重庆市120中学	64	1
2612	重庆市兼善中学	64	1
2613	重庆市勉仁职业中学	64	1
2614	重庆市北碚区天府中学	64	1
2615	重庆市北碚区实验中学	64	1
2616	重庆市北碚区志成学校	64	1
2617	重庆市北碚区柳荫中学	64	1
2618	重庆市北碚区科技学校	64	1
2619	重庆市北碚区莲华中学	64	1
2620	重庆市北碚区静观中学	64	1
2621	重庆市北碚磨滩中学	64	1
2622	重庆市夏坝中学	64	1
2623	重庆市朝阳中学	64	1
2624	重庆市江北中学	64	1
2625	重庆市第122中学	64	1
2626	重庆市第二十三中学	64	1
2627	重庆市第四十八中学	64	1
2628	重庆第117中学	64	1
2629	重庆第121中学	64	1
2630	重庆第一一八中学	64	1
2631	重庆第二十四中学	64	1
2632	重庆长松学校	64	1
2633	重庆市万盛区红岩学校	65	1
2634	重庆市万盛区高级中学	65	1
2635	重庆市南桐中学	65	1
2636	重庆市第一0六中学	65	1
2637	重庆市第一0四中学	65	1
2638	重庆市第一一五中学	65	1
2639	重庆市第四十九中学	65	1
2640	重庆晋林机械厂子弟学校	65	1
2641	重庆市双桥中学	66	1
2642	重庆市双桥区双路中学	66	1
2643	重庆重型汽车集团有限责任公司子弟中学	66	1
2644	四川石油管理局川东钻探公司子弟学校	67	1
2645	重庆川庆化工厂子弟校	67	1
2646	重庆市一中寄宿学校	67	1
2647	重庆市华蓥中学	67	1
2648	重庆市南华中学	67	1
2649	重庆市暨华中学	67	1
2650	重庆市松树桥中学	67	1
2651	重庆市渝北中学	67	1
2652	重庆市渝北区两路中学	67	1
2653	重庆市渝北区实验中学	67	1
2654	重庆市渝北区晚晴中学	67	1
2655	重庆市渝北区王家中学	67	1
2656	重庆市渝北区菁华学校	67	1
2657	重庆市渝北区龙山中学	67	1
2658	重庆市育仁中学	67	1
2659	重庆市龙湖花园巴蜀学校	67	1
2660	重庆渝北区大盛镇东山中学	67	1
2661	巴南区凉水中学	68	1
2662	巴南区龙岗中学	68	1
2663	重庆大江中学	68	1
2664	重庆市土桥中学	68	1
2665	重庆市姜家中学	68	1
2666	重庆市巴南区东泉五布学校	68	1
2667	重庆市巴南区东泉镇东泉学校	68	1
2668	重庆市巴南区东泉镇天赐学校	68	1
2669	重庆市巴南区东泉镇清和学校	68	1
2670	重庆市巴南区先华中学	68	1
2671	重庆市巴南区南华学校	68	1
2672	重庆市巴南区南彭镇忠心中学	68	1
2673	重庆市巴南区南泉中学	68	1
2674	重庆市巴南区南湖中学	68	1
2675	重庆市巴南区实验中学	68	1
2676	重庆市巴南区第三十四中学	68	1
2677	重庆市巴县中学	68	1
2678	重庆市接龙中学	68	1
2679	重庆市清华中学	68	1
2680	重庆市界石中学	68	1
2681	重庆市第十中学	68	1
2682	重庆市鱼洞中学	68	1
2683	重庆黔江新华中学	69	1
2684	黔江区两河镇中学	69	1
2685	黔江区中学	69	1
2686	黔江区冯家中学	69	1
2687	黔江区太极职业中学	69	1
2688	黔江区官渡中学	69	1
2689	黔江区民族中学	69	1
2690	黔江区民族职业中学	69	1
2691	黔江区濯水中学	69	1
2692	黔江区白土乡私立中学	69	1
2693	黔江区白石乡中学	69	1
2694	黔江区石会中学	69	1
2695	黔江区舟白镇平坝中学	69	1
2696	黔江区鹅池中学	69	1
2697	黔江区黎水镇中心校	69	1
2698	黔江区黑溪中学	69	1
2699	四川维尼纶厂子弟中学	70	1
2700	重庆市长寿中学	70	1
2701	重庆市长寿县葛兰中学	70	1
2702	重庆长寿县第一中学	70	1
2703	重庆长寿县第二中学	70	1
2704	长寿县云台中学	70	1
2705	长寿县双龙中学	70	1
2706	长寿县大洪河中学	70	1
2707	长寿县教学仪器站	70	1
2708	长寿县晏家镇中学	70	1
2709	长寿县晏家镇十字中学	70	1
2710	长寿县电化教育馆	70	1
2711	长寿县石堰镇中学	70	1
2712	长寿县龙溪中学	70	1
2713	长寿渡舟中学	70	1
2714	几江街道办事处琅山中学	71	1
2715	江津市几江中学	71	1
2716	江津市吴滩中学	71	1
2717	江津市嘉平镇月沱中学	71	1
2718	江津市四面山镇中学	71	1
2719	江津市塘河镇中学	71	1
2720	江津市实验中学	71	1
2721	江津市李市中学	71	1
2722	江津市杜市中学	71	1
2723	江津市杜市镇高歇中学	71	1
2724	江津市柏林中学东胜教学点	71	1
2725	江津市油溪中学	71	1
2726	江津市珞璜镇中学	71	1
2727	江津市珞璜镇和平中学	71	1
2728	江津市珞璜镇马宗中学	71	1
2729	江津市白沙镇三口中学	71	1
2730	江津市白沙镇河口中学	71	1
2731	江津市石蟆中学	71	1
2732	江津市笋溪中学	71	1
2733	江津市蔡家镇紫云中学	71	1
2734	江津市镇泰中学	71	1
2735	江津市龙门	71	1
2736	合川市工读学校	72	1
2737	合川市行知职业中学	72	1
2738	合川市合阳中学	72	1
2739	合川市瑞山中学	72	1
2740	重庆市合川中学	72	1
2741	合川市盐井中学	72	1
2742	合川市清平中学	72	1
2743	合川市小沔中学	72	1
2744	合川市渭溪镇中学	72	1
2745	合川市云门中学	72	1
2746	合川市官渡中学	72	1
2747	合川市钱塘中学	72	1
2748	重庆市合川钱搪镇成人教育学校	72	1
2749	合川市龙市中学	72	1
2750	合川市渝南职业中学	72	1
2751	重庆市合川大石中学	72	1
2752	合川市七间中学	72	1
2753	合川市燕窝中学	72	1
2754	合川市太和中学	72	1
2755	合川市铜溪镇中学	72	1
2756	合川市育才学校	72	1
2757	永川北山中学	73	1
2758	永川第九中学	73	1
2759	永川实验中学	73	1
2760	永川市青城中学	73	1
2761	永川市青峰镇中学	73	1
2762	永川市小南中学	73	1
2763	永川市中山中学	73	1
2764	永川振兴学校	73	1
2765	重庆市永川萱花中学	73	1
2766	重庆市永川中学	73	1
2767	永川市卧龙中学	73	1
2768	重庆师范专科学校附属中学	73	1
2769	永川市吉安镇中学	73	1
2770	永川市第六中学	73	1
2771	永川市莲花镇中学	73	1
2772	永川市第七中学	73	1
2773	永川市朱沱镇四明中学	73	1
2774	永川市朱沱镇跃龙中学	73	1
2775	永川市来苏镇中学	73	1
2776	永荣矿务局第四中学	73	1
2777	永川市第五中学	73	1
2778	双石中学	73	1
2779	南川市城一中学	74	1
2780	南川市道南中学	74	1
2781	南川市隆化中学	74	1
2782	南川市私立振兴中学	74	1
2783	南川市兴南中学	74	1
2784	南川中学	74	1
2785	南川水江中学	74	1
2786	南川市鸣玉中学	74	1
2787	重庆南川市第三中学	74	1
2788	南川市第一中学	74	1
2789	南川市小河中学	74	1
2790	隆化职中	74	1
2791	綦江县三江镇古剑中学	75	1
2792	重庆市綦江县城郊中学	75	1
2793	重庆市綦江县古南中学	75	1
2794	重庆市綦江县中学	75	1
2795	綦江齿轮厂子弟校	75	1
2796	重庆市綦江县永新中学	75	1
2797	綦江县隆盛镇莲石中学	75	1
2798	重庆市綦江县隆盛中学	75	1
2799	重庆市綦江县石角中学	75	1
2800	重庆市綦江县三角中学	75	1
2801	綦江县三江学校	75	1
2802	重钢四厂子弟校	75	1
2803	重庆冶炼集团公司子弟校	75	1
2804	重庆市綦江县郭扶中学	75	1
2805	重庆市綦江县东溪织业中学	75	1
2806	重庆市綦江县东溪中学	75	1
2807	綦江县赶水镇适中分校	75	1
2808	重庆市綦江县赶水中学	75	1
2809	綦江县小鱼沱学校	75	1
2810	綦江县松藻学校	75	1
2811	重庆市綦江县石壕中学	75	1
2812	綦江县打通高级中学	75	1
2813	綦江县打通中学	75	1
2814	綦江县金鸡岩学校	75	1
2815	綦江县蓬春学校	75	1
2816	綦江县杨地湾学校	75	1
2817	綦江县石壕镇天池学校	75	1
2818	潼南县弘光中学	76	1
2819	潼南县梓潼镇北禅中学	76	1
2820	重庆市潼南中学	76	1
2821	重庆市潼南梓潼中学	76	1
2822	潼南县宝龙镇中学	76	1
2823	重庆市潼南古溪中学	76	1
2824	重庆市潼南柏梓中学	76	1
2825	重庆市潼南塘坝中学	76	1
2826	铜梁县巴川镇南城中学	77	1
2827	铜梁县二中	77	1
2828	铜梁县一中	77	1
2829	铜梁中学	77	1
2830	铜梁县关溅中学	77	1
2831	铜梁县围龙镇中学	77	1
2832	大足县城南中学	78	1
2833	大足县龙岗镇北山文武学校	78	1
2834	大足县龙岗镇国利中学	78	1
2835	大足县龙岗镇五星学校	78	1
2836	大足县龙岗镇新星中学	78	1
2837	大足县龙岗镇育英学校	78	1
2838	大足县双塔中学	78	1
2839	大足县育才学校	78	1
2840	重庆市大足县龙岗中学	78	1
2841	重庆市大足中学	78	1
2842	大足县拾万镇兴旺立学校	78	1
2843	大足县金山镇世纪星学校	78	1
2844	大足县万古兴华学校	78	1
2845	大足县万古中学	78	1
2846	大足县新进学校	78	1
2847	大足县雍溪镇宏英学校	78	1
2848	大足县龙水镇中学	78	1
2849	大足县龙水中学	78	1
2850	大足县邮亭中学	78	1
2851	大足县珠溪镇土门中学	78	1
2852	大足县珠溪中学	78	1
2853	大足县三驱中学	78	1
2854	大足县中敖镇中学	78	1
2855	大足二中	78	1
2856	荣昌县昌元镇许溪中学	79	1
2857	荣昌县昌州学校	79	1
2858	荣昌县实验中学	79	1
2859	荣昌县霞光中学	79	1
2860	荣昌县永荣中学	79	1
2861	荣昌县直升镇中学	79	1
2862	荣昌中学	79	1
2863	荣昌县清升镇中学	79	1
2864	荣昌县双河镇长山中学	79	1
2865	荣昌县双河镇治安中学	79	1
2866	荣昌县双河中学	79	1
2867	重庆益民机械厂子弟中学	79	1
2868	荣昌安富中学	79	1
2869	清江镇中学	79	1
2870	荣昌县龙集镇中学	79	1
2871	荣昌县荣隆镇中学	79	1
2872	盘龙镇大建中学	79	1
2873	盘龙镇合靖中学	79	1
2874	荣昌县远觉镇中学	79	1
2875	荣昌仁义中学	79	1
2876	清流镇民族中学	79	1
2877	重庆市璧山中学	80	1
2878	重庆市璧山来凤中学	80	1
2879	璧山县丁家中学	80	1
2880	重庆市璧山大路中学	80	1
2881	重庆市璧山县新民职业中学	80	1
2882	璧山中学	80	1
2883	梁平县私立求实中学	81	1
2884	梁平县阳光中学	81	1
2885	重庆市梁平实验中学	81	1
2886	重庆市梁平县红旗中学	81	1
2887	重庆市梁平中学	81	1
2888	重庆市梁平县福禄中学	81	1
2889	重庆市梁平县云龙中学	81	1
2890	梁平县屏锦中学	81	1
2891	重庆市梁平县袁驿中学	81	1
2892	梁平县双桂中学	81	1
2893	城口县中学	82	1
2894	城口县明通职业中学	82	1
2895	丰都县红星中学	83	1
2896	丰都县科育中学	83	1
2897	丰都县新世纪学校	83	1
2898	丰都县振华学校	83	1
2899	重庆市丰都县平都中学	83	1
2900	重庆市丰都县实验中学	83	1
2901	重庆市丰都中学	83	1
2902	丰都县社坛镇第三中学	83	1
2903	丰都县双路镇高级中学	83	1
2904	丰都县树人镇私立永兴中学	83	1
2905	重庆市丰都县第二中学	83	1
2906	丰都县龙孔乡私立智力中学	83	1
2907	丰都县第一中学长岭分校	83	1
2908	丰都县第一中学崇实分校	83	1
2909	重庆市丰都县第一中学	83	1
2910	垫江县长龙中学	84	1
2911	垫江县第一中学	84	1
2912	垫江县凤山中学	84	1
2913	重庆市垫江县生辉学校	84	1
2914	重庆市垫江县职业中学	84	1
2915	重庆市垫江县中学	84	1
2916	垫江第九中学	84	1
2917	垫江县沙坪中学	84	1
2918	垫江县龙桥中学	84	1
2919	垫江县第四中学	84	1
2920	垫江第三中学	84	1
2921	垫江县永安中学	84	1
2922	垫江县杠家乡中学	84	1
2923	垫江县龙岗中学	84	1
2924	垫江县私立增辉中学	84	1
2925	垫江县文兴高级中学	84	1
2926	垫江县大石中学	84	1
2927	垫江县裴兴中学	84	1
2928	垫江县箐口中学	84	1
2929	垫江县三溪中学	84	1
2930	垫江县第五中学	84	1
2931	垫江县界枫学校	84	1
2932	垫江县坪山中学	84	1
2933	垫江县第二中学	84	1
2934	垫江第七中学	84	1
2935	垫江县汪家中学	84	1
2936	垫江县砚台中学	84	1
2937	重庆市垫江县第八中学	84	1
2938	垫江县太平中学	84	1
2939	垫江县第六中学	84	1
2940	垫江县黄沙中学	84	1
2941	垫江县高峰中学	84	1
2942	垫江县永平中学	84	1
2943	垫江五中	84	1
2944	垫江县师范学校 	84	1
2945	武隆县巷口中学	85	1
2946	武隆县中学	85	1
2947	武隆县江口中学	85	1
2948	武隆县桐梓中学	85	1
2949	武隆县土坎中学	85	1
2950	武隆县羊角中学	85	1
2951	武隆县白马中学	85	1
2952	武隆县长坝中学	85	1
2953	武隆县鸭江中学	85	1
2954	武隆县平桥中学	85	1
2955	重庆市忠县中学	86	1
2956	重庆市忠县忠州中学	86	1
2957	忠县县白石职业中学	86	1
2958	忠县拔山中学	86	1
2959	重庆市忠县私立育才中学	86	1
2960	重庆市忠县新立中学	86	1
2961	忠县三汇中学	86	1
2962	忠县汝溪中学	86	1
2963	忠县石宝中学	86	1
2964	乌杨中学 	86	1
2965	开县实验中学	87	1
2966	开县敬业私立中学	87	1
2967	开县中学	87	1
2968	重庆市开县汉丰职业高级中学	87	1
2969	开县陈家中学	87	1
2970	开县临江中学	87	1
2971	开县铁桥中学	87	1
2972	开县中和中学	87	1
2973	开县天白职业中学	87	1
2974	开县温泉镇中学	87	1
2975	重庆市开县丰乐中学	87	1
2976	重庆市云阳县特殊教育学校	88	1
2977	重庆市云阳中学	88	1
2978	重庆市云阳县凤鸣中学	88	1
2979	云阳县帆水乡帆水中学	88	1
2980	云阳县盛堡镇中学	88	1
2981	重庆市云阳县江口中学	88	1
2982	重庆市云阳县双江中学	88	1
2983	重庆市云阳县红狮中学	88	1
2984	重庆市云阳县云安中学	88	1
2985	重庆市奉节县永安中学	89	1
2986	重庆市奉节县中学	89	1
2987	奉节县冯坪中学	89	1
2988	奉节县吐祥中学	89	1
2989	奉节县甲高中学	89	1
2990	奉节县羊市镇农校	89	1
2991	奉节县上坝中学	89	1
2992	奉节县青莲中学	89	1
2993	奉节县公平中学	89	1
2994	重庆市奉节县长龙实验中学	89	1
2995	奉节县汾河中学	89	1
2996	巫山县深圳宝安巫峡希望学校	90	1
2997	重庆巫山中学	90	1
2998	巫山县官渡中学	90	1
2999	巫山县大昌中学	90	1
3000	重庆市巫山高级中学	90	1
3001	巫溪县中学	91	1
3002	重庆市巫溪县城厢中学	91	1
3003	巫溪县上磺中学	91	1
3004	巫溪县白鹿中学	91	1
3005	巫溪县通城中学	91	1
3006	巫溪县尖山中学	91	1
3007	巫溪县职教中心	91	1
3008	石柱土家族自治县大歇乡中学	92	1
3009	石柱土家族自治县南宾镇双庆民中	92	1
3010	石柱土家族自治县南宾中学	92	1
3011	石柱土家族自治县下路中学	92	1
3012	重庆市石柱民族中学	92	1
3013	重庆市石柱中学	92	1
3014	石柱土家族自治县桥头中学	92	1
3015	石柱土家族自治县悦崃中学	92	1
3016	重庆市石柱土家族自治县西沱中学	92	1
3017	石柱土家族自治县临溪镇中学	92	1
3018	石柱土家族自治县沙子中学	92	1
3019	重庆市石柱土家族自治县马武中学	92	1
3020	秀山县第二中学	93	1
3021	秀山县凤翔中学	93	1
3022	秀山县中和镇中学	93	1
3023	重庆市秀山县第一中学	93	1
3024	重庆市秀山县民族中学	93	1
3025	重庆市秀山县官庄中学	93	1
3026	秀山县保安乡农职业中学	93	1
3027	秀山县里仁乡中学	93	1
3028	秀山县石堤中学	93	1
3029	重庆市秀山县洪安中学	93	1
3030	秀山县梅江中学	93	1
3031	秀山县第三中学	93	1
3032	秀山县溶溪中学	93	1
3033	秀山县职教中心 	93	1
3034	酉阳县第二中学	94	1
3035	酉阳县钟多镇民族中学	94	1
3036	酉阳县泔溪镇私立中学	94	1
3037	酉阳县麻旺镇中学	94	1
3038	酉阳县腴地乡私立中学	94	1
3039	酉阳县第四中学	94	1
3040	酉阳县第一中学	94	1
3041	酉阳县后溪镇白竹私立希望中学	94	1
3042	酉阳县龙潭镇渤东石云中学	94	1
3043	酉阳县李溪镇私立树人中学	94	1
3044	酉阳县板桥乡双桥中学	94	1
3045	酉阳县铜鼓乡铜西中学	94	1
3046	酉阳县小河镇中小心校	94	1
3047	酉阳县小河镇中学	94	1
3048	酉阳县第三中学	94	1
3049	酉阳县龚滩镇中学	94	1
3050	城郊中学	95	1
3051	汉葭镇中学	95	1
3052	彭水县民族中学	95	1
3053	彭水中学	95	1
3054	下岩西育才中学	95	1
3055	郁山职业中学	95	1
3056	高谷中学	95	1
3057	普子中学	95	1
3058	保家中学	95	1
3059	连湖中学	95	1
3060	梅子垭中学	95	1
3061	桑柘中学	95	1
3062	新田中学	95	1
3063	鹿角中学	95	1
3064	黄家职业中学	95	1
