1	北京市成人教育考试指导中心	1	1	
2	北京市东城区天艺技术学校	1	1	
3	中国中医研究院针灸研究所针灸进修学校	1	1	
4	北京市东城区财政贸易干部学校	1	1	
5	北京东城职业技术学校	1	1	
6	北京市广播电视中等专业学校东城区工作站	1	1	
7	北京市东城区职工中等专业学校	1	1	
8	北京市教育学院东城分院	1	1	
9	北京市东城区职业教育中心学校	1	1	
10	北京市东城区天艺技术学校	1	1	
11	中国中医研究院针灸研究所针灸进修学校	1	1	
12	北京市东城区财政贸易干部学校	1	1	
13	北京东城职业技术学校	1	1	
14	北京市广播电视中等专业学校东城区工作站	1	1	
15	北京市东城区职工中等专业学校	1	1	
16	北京市教育学院东城分院	1	1	
17	北京市东城区职业教育中心学校	1	1	
18	北京市农业机械技工学校	2	1	
19	北京市惠中饭店职工学校	2	1	
20	中德北京电器模具技术培训中心	2	1	
21	北京市第二轻工业总公司党校	2	1	
22	北京西城区职业技术学校	2	1	
23	北京市西城区工会职工业余中等文化技术学校	2	1	
24	北京市广播电视中等专业学校西城区工作站	2	1	
25	北京市西城区职工中等专业学校	2	1	
26	北京市西城区成人教育研究室	2	1	
27	北京市西城区房屋土地管理局职工学校	2	1	
28	北京市西城区商贸职业高中	2	1	
29	北京市实用美术职业学校	2	1	
30	北京市外事服务职业高中	2	1	
31	北京市西城区副食品公司职工学校	2	1	
32	北京西城区职业技术学校	2	1	
33	北京市西城区工会职工业余中等文化技术学校	2	1	
34	北京市广播电视中等专业学校西城区工作站	2	1	
35	北京市西城区职工中等专业学校	2	1	
36	北京市西城区成人教育研究室	2	1	
37	北京市西城区房屋土地管理局职工学校	2	1	
38	北京市西城区商贸职业高中	2	1	
39	北京市实用美术职业学校	2	1	
40	北京市外事服务职业高中	2	1	
41	北京市西城区副食品公司职工学	2	1	
42	北京市崇文区佳乐汽车驾校	3	1	
43	北京农村致富技术学校	3	1	
44	北京玻璃技工学校	3	1	
45	北京市鞋帽工业联合公司职工学校	3	1	
46	北京市出租汽车公司技工学校	3	1	
47	北京市崇文区卫生学校	3	1	
48	崇文区职业技术学校	3	1	
49	北京市崇文区卫生学校	3	1	
50	崇文区职业技术学校	3	1	
51	北京市第二轻工业总公司文百职工学校	4	1	
52	北京市城乡建设(集团)总公司职工学校	4	1	
53	北京市财会学校	4	1	
54	北京市宣武区职业技术教育中心	4	1	
55	北京市中医药学校	4	1	
56	北京市宣武区职业教育中心学校	4	1	
57	北京市宣武区财贸干部学校	4	1	
58	北京市宣武区职工中等专业学校	4	1	
59	北京市正义职业学校	4	1	
60	北京市财会学校	4	1	
61	北京市宣武区职业技术教育中心	4	1	
62	北京市中医药学校	4	1	
63	北京市宣武区职业教育中心学校	4	1	
64	北京市宣武区财贸干部学校	4	1	
65	北京市宣武区职工中等专业学校	4	1	
66	北京市正义职业学校	4	1	
67	北京市妇女干部学校	5	1	
68	北京铁路分局运输技工学校	5	1	
69	北京市商业技术学校	5	1	
70	北京市成人中等职业学校	5	1	
71	北京有机化工厂技工学校	5	1	
72	北京化学工业集团有限责任公司技术学校	5	1	
73	北京市职业技术教育中心	5	1	
74	北京第798厂技工学校	5	1	
75	北京无线电动力技工学校	5	1	
76	北京电子管厂技工学校	5	1	
77	北京市对外经贸教育中心	5	1	
78	北京市城市建设工程技工学校	5	1	
79	北京市成人教育考试办公室	5	1	
80	铁道部第十六工程局北京技工学校	5	1	
81	北京市朝阳区机械化学校	5	1	
82	北京市朝阳区职业教育口中心	5	1	
83	北京市朝阳区第二教师进修学校	5	1	
84	北京教育学院朝阳分院	5	1	
85	北京市朝阳区教育行政学校	5	1	
86	北京市朝阳区文秘档案职业学校	5	1	
87	北京市劲松职业高中	5	1	
88	北京市民族职业高中	5	1	
89	北京市新源里职业高中	5	1	
90	北京市朝阳区教育科学所	5	1	
91	电化教育馆	5	1	
92	北京电光源公司技工学校	5	1	
93	北京市电车公司技工学校	5	1	
94	北京出租分公司第二分公司安贞汽车驾校	5	1	
95	北京市朝阳区幼儿师范学校	5	1	
96	北京市朝阳区实习生产管理办公室	5	1	
97	北京市广播电视中等专业学校朝阳区工作站	5	1	
98	北京市朝阳区职工中等专业学校	5	1	
99	北京市朝阳区财政贸易干部学校	5	1	
100	北京市朝阳区成人教育教学研究室	5	1	
101	北京朝阳区成人中等专业学校	5	1	
102	朝阳区工会职工学校	5	1	
103	北京市朝阳区房屋土地管理局职工学校	5	1	
104	北京市朝阳区饮食服务业培训中心	5	1	
105	北京市朝阳区幼儿师范学校	5	1	
106	北京市朝阳区实习生产管理办公室	5	1	
107	北京市广播电视中等专业学校朝阳区工作站	5	1	
108	北京市朝阳区职工中等专业学校	5	1	
109	北京市朝阳区财政贸易干部学校	5	1	
110	北京市朝阳区成人教育教学研究室	5	1	
111	北京朝阳区成人中等专业学校	5	1	
112	朝阳区工会职工学校	5	1	
113	北京市朝阳区房屋土地管理局职工学校	5	1	
114	北京市朝阳区饮食服务业培训中心	5	1	
115	北京水利汽车驾驶学校	6	1	
116	北京市丰台区花乡汽车驾驶学校	6	1	
117	北京市汽车工业技工学校	6	1	
118	北京一轻技术学校	6	1	
119	北京市二轻技术学校	6	1	
120	北京市丰交机动车驾驶学校	6	1	
121	北京市房地产职工中等专业学校	6	1	
122	北京同仁堂制药二厂技工学校	6	1	
123	北京市丰台区职业技术学校	6	1	
124	北京市丰台区玉泉汽车驾驶学校	6	1	
125	北京市丰台区长辛店职工学校	6	1	
126	北京市广播电视中等专业学校丰台区工作站	6	1	
127	北京市丰台区职业教育中心学校	6	1	
128	北京市丰台区成人教育研究室	6	1	
129	北京市丰台区东铁匠营职工学校	6	1	
130	北京市丰台区成人中等专业学校	6	1	
131	北京市丰台区右安门职工学校	6	1	
132	北京市丰台区职工中等专业学校	6	1	
133	北京市丰台区财政贸易干部学校	6	1	
134	北京市丰台区农机学校	6	1	
135	铁道部北京二七机车厂技工学校	6	1	
136	北京二七机车厂职工培训学校	6	1	
137	北京市建材化工厂技工学校	6	1	
138	北京市机械设备厂职工学校	6	1	
139	北京凯特驾驶技术培训学校	6	1	
140	北京市出租汽车公司职工培训学校	6	1	
141	北京市饲料公司职工学校	6	1	
142	北京长城汽车驾校	6	1	
143	北京汽车技工学校	6	1	
144	北京长城汽车驾校	6	1	
145	北京汽车技工学校	6	1	
146	首钢技工学校	7	1	
147	北京市石景山区幼儿师范学校	7	1	
148	北京市古城旅游服务职业高中	7	1	
149	北京市古城职业高中	7	1	
150	北京市金顶街职业高中	7	1	
151	北京市石景山区教师进修学校	7	1	
152	北京市石景山区职工中等专业学校	7	1	
153	北京市石景山区职工学校	7	1	
154	北京市黄庄职业高中	7	1	
155	北京市石景山区卫生学校职工中专部	7	1	
156	北京市石景山区职业技术学校	7	1	
157	北京市第六建筑工程公司技工学校	7	1	
158	北京市机械施工公司技校	7	1	
159	北京中华会计函授学校延庆分校	7	1	
160	北京建材综合培训中心	8	1	
161	北京市汽车驾驶学校	8	1	
162	北京市机械工业技工学校	8	1	
163	北京市建筑材料工业总公司技工学校	8	1	
164	北京市食品公司职工学校	8	1	
165	北京市粮食局干部学校	8	1	
166	北京市第一商业局干部学校	8	1	
167	北京市海淀区商业技术学校	8	1	
168	北京市海淀区成人中等专业学校	8	1	
169	北京市海淀区玉渊潭中等专业学校	8	1	
170	北京市广播电视中等专业学校海淀区工作站	8	1	
171	北京市海淀区职工中等专业学校	8	1	
172	北京市海淀区教师进修学校	8	1	
173	北京市阜成路学校	8	1	
174	北京市海淀区旅游服务职业高中	8	1	
175	北京市信息管理学校	8	1	
176	北京市花园路职业高中	8	1	
177	北京市海淀区艺术师范学校	8	1	
178	北京市海淀区外语电子职业高中	8	1	
179	北京市测绘设计研究院职工学校	8	1	
180	北京计算机一厂电脑应用技术学校	8	1	
181	北京市第二建筑工程公司技工学校	8	1	
182	北京燕安汽车驾驶学校	8	1	
183	北京市门头沟区中等职业学校	9	1	
184	北京市农业广播电视学校门头沟区工作站	9	1	
185	北京市门头沟区粮食局职工学校	9	1	
186	北京市门头沟区财贸干校	9	1	
187	北京中华会计函授学校门头沟分校	9	1	
188	北京市门头沟区教师进修学校	9	1	
189	北京市广播电视中等专业学校门头沟区工作站	9	1	
190	北京市门头沟区成人教研室	9	1	
191	北京市门头沟区斋堂职业高中	9	1	
192	北京市门头沟区第二职业高中	9	1	
193	北京市门头沟区第一职业高中	9	1	
194	北京市门头沟区职工业余学校	9	1	
195	北京燕化公司动力厂技校校办厂	10	1	
196	北京市公共交通技工学校	10	1	
197	房山区崇各庄乡职业高中	10	1	
198	房山区第二职业高中	10	1	
199	房山区第一职业高中	10	1	
200	房山区教师进修学校	10	1	
201	燕山成人教育中心	10	1	
202	房山区财贸职工中等专业学校	10	1	
203	房山区成人中等专业学校	10	1	
204	房山区良乡干部职工学校	10	1	
205	房山区第三职业高中	10	1	
206	岳各庄汽车驾校	10	1	
207	供销社职业技术学校	10	1	
208	汽车驾驶学校	10	1	
209	燕山运输公司汽车驾驶学校	10	1	
210	房山区职业技术学校	10	1	
211	燕山职业高中	10	1	
212	北京电力技工学校	10	1	
213	陇原影像文化艺术中心	11	1	
214	北京市门头沟区九龙汽车驾驶技术学校	11	1	
215	北京市公路局技工学校	11	1	
216	通县饮食服务公司职工学校	11	1	
217	北京市通县成人教育招生办公室	11	1	
218	北京通县干部中等专业学校	11	1	
219	通县干部职工学校	11	1	
220	北京市广播电视中等专业学校通县工作站	11	1	
221	北京市农业广播电视学校	11	1	
222	通县工作站通县职业技术教育中心	11	1	
223	通县第三职业学校	11	1	
224	通县第一职业学校	11	1	
225	北京市通县教师进修学校	11	1	
226	通县第一教师进修学校	11	1	
227	通县财贸干部学校	11	1	
228	顺义县教师进修学校	12	1	
229	顺义县第二教师进修学校	12	1	
230	顺义县汽车技术职业高中	12	1	
231	顺义县职业教育中心学校	12	1	
232	北京市劳动局顺义技工学校	12	1	
233	顺义农业机械化学校	12	1	
234	北京昌平百泉汽车驾驶学校	13	1	
235	北京市工艺美术技工学校	13	1	
236	国营北京市北郊农场干部学校	13	1	
237	北京市职工技术培训中心	13	1	
238	北京市畜牧学校	13	1	
239	昌平县农民科技学校	13	1	
240	昌平县经济委员会职工中等专业学校	13	1	
241	昌平县财政贸易干部学校	13	1	
242	昌平工业职业高中	13	1	
243	昌平农村职业学校	13	1	
244	昌平县教师进修学校	13	1	
245	北京市昌平县中日农机维修培训中心	13	1	
246	昌平县农业机械化学校	13	1	
247	北京市首汽集团丰田汽车驾驶员培训学校	13	1	
248	北京市公共交通总公司汽车驾驶学校	14	1	
249	北京市常青汽车驾驶学校	14	1	
250	北京市南郊汽车驾驶学校	14	1	
251	国营北京市南郊农场职工中等专业学校	14	1	
252	大兴县农业机械化学校	14	1	
253	大兴县第一职业高中	14	1	
254	北京大兴县第二职业高中	14	1	
255	大兴县第三职业高中	14	1	
256	大兴县第四职业高中	14	1	
257	大兴县第五职业高中	14	1	
258	北京市大兴县成人中等专业学校	14	1	
259	北京市大兴县成人学校	14	1	
260	北京市广播电视中等专业学校大兴县工作站	14	1	
261	北京农业广播电视学校大兴工作站	14	1	
262	北京市出租汽车公司汽车驾驶学校	14	1	
263	北京三星汽车工程学校	15	1	
264	怀柔县农机学校	15	1	
265	怀柔县第一职业高中	15	1	
266	怀柔职业技术教育中心	15	1	
267	怀柔三中	15	1	
268	平谷县交通局驾校	16	1	
269	北京市通县汽车驾驶员培训学校	16	1	
270	平谷县第一职业高中	16	1	
271	平谷县农村职业学校	16	1	
272	平谷县教师进修学校	16	1	
273	平谷县成人中等专业学校	16	1	
274	平谷县农业机械化学校	16	1	
275	北京市农业广播电视学校平谷县工作站	16	1	
276	中建一局职工教育培训中心	16	1	
277	密云县第三汽车驾驶员学校	17	1	
278	密云县职工教育中心	17	1	
279	密云县劳动局技工学校	17	1	
280	密云县交通局驾驶员学校	17	1	
281	密云职业学校	17	1	
282	北京市延庆县职业技术学校	18	1	
283	延庆县农民科学技术学校	18	1	
284	北京市延庆县职业中等学校	18	1	
285	北京市农业广播电视学校延庆工作站	18	1	
286	延庆县卫生学校	18	1	
287	延庆县职业高中	18	1	
288	延庆县教师进修学校	18	1	
289	延庆县电化教育馆	18	1	
290	芜湖县六郎桥高级职业中学	19	1	
291	黄浦财会进修学校	19	1	
292	黄浦区私立长信业余学校	19	1	
293	上海牧羊神英才学校	19	1	
294	上海市锦华外经贸职业技术学校	19	1	
295	服装公司职工学校	19	1	
296	服务职业技术学校	19	1	
297	上海市商业职业技术学校	19	1	
298	上海汇文进修学校	19	1	
299	上海国际文化进修学院	19	1	
300	上海市王宝和总公司职工学校教室	19	1	
301	上海市国际经济技术进修学院	20	1	
302	上海外事英文打字训练学校	20	1	
303	卢湾分校培黎职业进修学校	20	1	
304	上海市美高业务进修学校	20	1	
305	上海棕榈电脑会计进修学校	20	1	
306	上海私立青萃业余学校	20	1	
307	久安职业培训进修学校	20	1	
308	民立业余进修学校	20	1	
309	卢湾区政协文化技术业余学校	20	1	
310	上海市长乐职业技术学校	20	1	
311	上海沪光进修学院	20	1	
312	上海长乐一霍尔姆斯职业学校	20	1	
313	卢湾区初级职业技术学校	20	1	
314	上海市卢湾区职业中学	20	1	
315	卢湾区职业教育中心	20	1	
316	上海液压气动元件公司技工学校	20	1	
317	上海玻璃制品工业公司教育中心	20	1	
318	上海私立前程进修学校	20	1	
319	长乐职业技术进修学校	20	1	
320	上海建设审计进修学院	20	1	
321	上海光启进修学校	20	1	
322	上海中华职校	20	1	
323	中华业余职业学校	20	1	
324	上海求实职业技术进修学校	20	1	
325	上海神洲科技进修学院	20	1	
326	卢湾区科技进修学校	20	1	
327	中华侨光职业学院	20	1	
328	上海社会学院社会科学进修学院	20	1	
329	徐汇区华商管理进修学校	21	1	
330	上海市房地产成人中等专业学校	21	1	
331	上海市闵行区城乡建设学校	21	1	
332	上海市共青职校附设业余进修学校	21	1	
333	上海民办前进进修学院	21	1	
334	徐汇区商业职工学校	21	1	
335	上海市董恒甫职业技术学校	21	1	
336	徐汇区职工中专专业学校	21	1	
337	上海旅游高等专科学校附属旅游职业学校	21	1	
338	上海市共青职业技术学校	21	1	
339	上海塑料制品公司职工中等专业学校	21	1	
340	徐汇区民进业余进修学校	21	1	
341	卫生成人中等专业学校	21	1	
342	上海市培青业余进修学院	21	1	
343	上海市建筑材料技工学校	21	1	
344	上海市建筑材料学校	21	1	
345	上海中西旅游进修学校	21	1	
346	上海市立信会计职工中等专业学校	21	1	
347	上海市普盟财经进修学院徐汇分院	21	1	
348	上海隧道工程股份有限公司技工学校	21	1	
349	国商附中业余进修学校	21	1	
350	上海半导体工业培训中心	22	1	
351	上海延安业余进修学校	22	1	
352	新宾培训进修学校	22	1	
353	上海市娄山业余进修学校	22	1	
354	上海市安二业余进修学校	22	1	
355	上海市现代职业技术	22	1	
356	上海市电话局培训中心技工学校	22	1	
357	长宁区初级职业辅读学校	22	1	
358	上海市就业训练中心	22	1	
359	上海市劳动局第三高级技工学校	22	1	
360	申伦中等技术学校	22	1	
361	上海市机电职工中等专业学校	22	1	
362	上海市园林职工学校	22	1	
363	上海市轻工业装备公司技工学校	22	1	
364	上海市长宁区科技进修学院	22	1	
365	上海市复旦业余进修学校	22	1	
366	九三学社沪东科技进修学院长宁分院	22	1	
367	上海机床总公司技工学校	23	1	
368	诸良怡艺术进修学校	23	1	
369	上海市燎原实验学校	23	1	
370	上海市静安区时代外语进修学校	23	1	
371	静安私立国艺时装培训所	23	1	
372	上海现代文理进修学校	23	1	
373	上海静安沪中科技进修学校	23	1	
374	上海市静安区树俊职业进修学校	23	1	
375	中华职业进修学院静安分院	23	1	
376	上海市化学工业联合技工学校	23	1	
377	上海凯美电脑应用技术学校	23	1	
378	静安区职业培训中心	23	1	
379	上海市家用电器公司技工学校	23	1	
380	上海市机电工业管理局技工学校	23	1	
381	上海市第二国轻工业局职工财会学校	23	1	
382	上海化工轻工财政中等学校	23	1	
383	涂料公司职工中等专业学校	23	1	
384	上海市静安区卫生成人中等专业学校	23	1	
385	静安区民进业余进修学校	23	1	
386	春申旅游成人中等专业学校	23	1	
387	食品工业职工中等专业学校	23	1	
388	静安区业余大学分校(中专部)	23	1	
389	上海市前进进修学院六分部	23	1	
390	上海钟表公司技工学校	23	1	
391	闽港花都美容学校	23	1	
392	春申旅游进修学院	23	1	
393	静安房产局职工教育培训中心	23	1	
394	半导体器件劳务部境外培训基地	23	1	
395	上海市食品行业技工学校	23	1	
396	上海涂料公司技工学校	23	1	
397	上海医药职工大学专业学校	23	1	
398	普陀区工商业职工学校	24	1	
399	杉友职业技术学校	24	1	
400	普陀区机关干部业余学校	24	1	
401	上海市普陀区职工中专	24	1	
402	曹杨职业技术学校	24	1	
403	天工职业学校	24	1	
404	上海市建筑五金公司行知技术学校	24	1	
405	上海市劳动管理职工中等专业学校	24	1	
406	上海市房地产职业技术学校	24	1	
407	上海市卫原职业技术学校	24	1	
408	舟山市普陀区技工学校	24	1	
409	普陀区夏林旅游职业中学	24	1	
410	舟山市普陀区水产技术学校	24	1	
411	普陀区六横职业技术学校	24	1	
412	普陀区教师进修学校教研室	24	1	
413	普陀区沈家门职业中学	24	1	
414	上海市粮食储运公司职工学校	24	1	
415	上海市蔬菜总公司职工教育中心	24	1	
416	上海市振中职业进修学校	25	1	
417	韵丽美容美发学校	25	1	
418	上海机械技工学校四方锅炉厂分校	25	1	
419	闸北区培新业余学校	25	1	
420	闸北区职工中等专业学校	25	1	
421	彭浦职业技术学校	25	1	
422	上海市闸北区第二职业技术学校	25	1	
423	上海铁路职业技术学校	25	1	
424	上海市饮食服务学校	25	1	
425	工具公司职工中等专业学校	25	1	
426	普成进修学校上海市	25	1	
427	闸北区房产管理局职工二中等学校	25	1	
428	闸北区职业技术培训中心	25	1	
429	淞沪计算机技术学校	25	1	
430	铁路分局职工学校	25	1	
431	上海市虹临职业技术学校	26	1	
432	上海市交通职业技术学校	26	1	
433	上海市缝纫机公司职工中等专业学校	26	1	
434	上海市高级职业技术培训中心	26	1	
435	上海纺织工业职工大学巾被分校	26	1	
436	上海汽车电器总厂技校	26	1	
437	上海市退离休教育工作者协会第二业余学校	26	1	
438	上海市虹口区虹教业余学校	26	1	
439	上海长白职校附设业余进修学校	26	1	
440	上海新世纪进修学校	26	1	
441	上海市华琪进修学校	26	1	
442	上海市世美进修学校	26	1	
443	上海市虹口区盟光财务会计进修学校	26	1	
444	上海市南湖银行职业学校附设业余学校	26	1	
445	上海市虹口区科技进修学院	26	1	
446	上海标准件公司职工中等专业学校	26	1	
447	上海标准件公司技工学校	26	1	
448	上海市公济进修学校	26	1	
449	职工科技进修学院	26	1	
450	上海市业余科技学校	26	1	
451	上海育菁外语业余进修学院	26	1	
452	上海市求实职业培训学校	26	1	
453	上海市前进业余进修学院虹口分院	26	1	
454	上海外国语学校附属进修学校	26	1	
455	上海真空电子器件股份有限公司教育中心	26	1	
456	上海绒布厂职校	27	1	
457	上海建筑机械制造厂技校	27	1	
458	上海永久自行车股份有限公司技术学校	27	1	
459	上海英特工商进修学院	27	1	
460	上海市东华职工培训学校	27	1	
461	上海市杨浦职业技术学校	27	1	
462	上海市杨浦区成人中等学校	27	1	
463	上海市风光职业技术学校	27	1	
464	上海包装装潢公司技工学校	27	1	
465	杨浦区劳动局技术培训学校	27	1
466	上海市新华进修学院	27	1
467	上海市政工程管理处技校	27	1
468	上海市粮食技工学校	27	1
469	上海公用设备阀门厂职工技校	27	1
470	上海江湾机械厂技校	27	1
471	上海市市政工程管理处技工学校	27	1
472	上海市闵行区颛桥镇成人中等文化技术学校	28	1
473	莘庄镇成人中等文化技术学校	28	1
474	闵行区曹行镇成人中等文化技术学校	28	1
475	塘湾成人中等技术学校	28	1
476	闵行区陈行镇成人中等文化技术学校	28	1
477	莘庄劳动职业技术培训学校	28	1
478	闵行区七宝镇成人中等文化技术学校	28	1
479	闵行区职业技术教育中心	28	1
480	上海市群益职业中学	28	1
481	闵行区职业学校华东电力技工学校	28	1
482	闵行区诸翟镇成人中等文化技术学校	28	1
483	闵行区供销职工中等专业学校	28	1
484	闵行区工商干部培训中心	28	1
485	闵行区农业技术学校	28	1
486	上海闵行区劳动职业技术培训学校	28	1
487	马桥镇成人中等文化技术学校	28	1
488	梅陇镇成人技术学校	28	1
489	上海市福苑学校	28	1
490	上海第一钢铁技工学校	28	1
491	上海第一钢铁中等专业学校	28	1
492	上海第一钢铁职工学校	29	1
493	长兴中等文化技术学校	29	1
494	宝山区成人职业培训学校	29	1
495	上海淞化技术培训学校	29	1
496	上海市沪昌技术学校	29	1
497	振业科技职业业余进修学校	29	1
498	长兴职业技术学校	29	1
499	上海市宝山职业技术学校	29	1
500	新镇职业学校	29	1
501	上海市宝山区成人中等专业学校	29	1
502	大场成人中等学校	29	1
503	上海市罗店成人中等学校	29	1
504	宝山区成人教师进修学校	29	1
505	上海市前卫文化技术学校	29	1
506	上海东沪高等职业技术学校	29	1
507	上海印刷技工学校	29	1
508	上海张华浜港务技术培训学校	29	1
509	宝山区企业管理协会计算机培训部	29	1
510	上海交通技工学校	29	1
511	宝山区经济委员会培训中心	29	1
512	宝山盛桥镇中等成人文化技术学校	29	1
513	上海航政管理职工中等专业学校	29	1
514	上海市宝山区宝山镇成人中等文化技术学校	29	1
515	上海市嘉定区南翔镇成人文化中等技术学校	30	1
516	外冈镇成人中等文化技术学校	30	1
517	上海市嘉定区南翔镇成人中等文化技术学校	30	1
518	上海市嘉定区成人教育中心	30	1
519	上海市嘉定区职业技术学校	30	1
520	上海铁路局成人中等专业学校	30	1
521	嘉定区徐行镇成人中等文化技术学校	30	1
522	上海市房地产职业技术学校浦东分部	31	1
523	上海耀华职业学校	31	1
524	捷进业余进修学校	31	1
525	上海市塘桥职业技术学校	31	1
526	花木镇成人中等文化技术学校	31	1
527	上海市浦东新区张桥镇成人中等文化技术学校	31	1
528	浦东新区蔡路成人职校	31	1
529	上海浦东新区孙桥镇成人中等文化技术学校学	31	1
530	上海市浦东新区施湾镇成人中等文化技术学校	31	1
531	上海市浦东新区东城镇成人中等文化技术学校	31	1
532	上海市郊区邮电局培训中心	31	1
533	上海市浦东新区杨高路管理所职工技校	31	1
534	上海市振华外经职业技术学校	31	1
535	上海市浦东新区顾路镇成人中等文化技术学校	31	1
536	钦洋镇成人中等文化技术学校	31	1
537	浦东新区成人教师进修学校	31	1
538	上海市川沙职业技术学校	31	1
539	上海浦东女子发展学校	31	1
540	黄浦区成人职业技术学校	31	1
541	上海市东辉职业技术学校	31	1
542	上海市日用五金公司技工学校	31	1
543	上海市浦东新区唐镇成人中等文化技术学校	31	1
544	上海浦东新区高东镇成人中等文化技术学校	31	1
545	浦东新区外高桥镇成人学校	31	1
546	上海市浦东新区蔡路镇成人中等文化技术学校	31	1
547	浦东新区龚路镇成人中等文化技术学校	31	1
548	浦东新区六里镇成人中等文化技术学校	31	1
549	上海市浦东新区黄楼镇成人中等文化技术学校	31	1
550	浦东新区三林镇成人中等学校	31	1
551	上海市公共交通总公司教育中心	31	1
552	上海市高桥职业学校	31	1
553	北蔡镇成人中等文化技术学校	31	1
554	浦东新区经贸职工中等专业学校	31	1
555	浦东新区六团镇成人中等文化学校	31	1
556	浦东新区江镇成人中等文化技术学校	31	1
557	浦东新区王港镇成人中等文化技术学校	31	1
558	严桥成人中等文化技术学校	31	1
559	杨思镇成人中等文化技术学校	31	1
560	上海汇众汽车制造有限公司教育培训中心	31	1
561	上海市环卫局成人中等学校	31	1
562	上海市浦南进修学院	31	1
563	上海市育辛进修学院塘桥分部	31	1
564	东方旅游职业技术学校	31	1
565	高桥镇成人中等文化技术学校	31	1
566	合庆镇成人学校	31	1
567	凌桥镇成人中等文化技术学校	31	1
568	金山县朱泾乡成中等文化技术学校	32	1
569	金山县金山卫镇物区业余学校	32	1
570	上海市石化地区成人教育培训中心	32	1
571	金山县供销商业职工中等专业学校	32	1
572	金山县兴塔镇成人中等学校	32	1
573	金山县张堰镇成人中等文化技术学校	32	1
574	金山县廊下镇成人中等文化技术学校	32	1
575	金山县朱泾镇成人中等文化技术学校	32	1
576	金山县教师进修学校	32	1
577	金山县成人教育学校	32	1
578	金山县新农镇成人中等文化技术学校	32	1
579	金山县亭新职业技术学校	32	1
580	朱行镇成人中等文化技术学校	32	1
581	金山县松隐镇成人中等文化技术学校	32	1
582	金山县干巷镇成人中等文化技术学校	32	1
583	枫泾镇成人中等文化技术学校	32	1
584	金山县吕巷镇职工业余学校	32	1
585	金山县农业学校	32	1
586	山阳镇成人中等文化技术学校	32	1
587	金山县亭林镇成人中等文化技术学校	32	1
588	交通局职工学校	32	1
589	金山县钱圩镇成人中等文化技术学校	32	1
590	金山县漕泾镇成人中等文化技术学校	32	1
591	金山卫镇成人中等文化技术学校	32	1
592	朱泾乡成人中等文化技术学校	32	1
593	金山县钱圩镇职业技术学校	32	1
594	上海市农业广播电视学校松江分校	33	1
595	松江县教师进修学校	33	1
596	上海小昆山机动车驾驶技术学校	33	1
597	车墩镇成人中等文化技术学校	33	1
598	上海市大江职业技术学校	33	1
599	松江县洞泾镇成人中等文化技术学校	33	1
600	松江县叶榭镇成人中等文化技术学校	33	1
601	松江县泖港乡成人中等文化技术学校	33	1
602	九亭镇成人中等文化技术学校	33	1
603	松江县佘山镇成人中等文化技术学校	33	1
604	松江县小昆山镇成人中等文化技术学校	33	1
605	松江县大港镇成人中等文化技术学校	33	1
606	松江县李塔汇镇成人中等文化技术学校	33	1
607	松江县华阳镇成人中等文化技术学校	33	1
608	松江县新桥镇成人中等文化技术学校	33	1
609	松江县五厍镇成人中等文化技术学校	33	1
610	松江茸北成人学校	33	1
611	松江县石湖荡镇成人中等文化技术学校	33	1
612	仓桥镇成人中等文化技术学校	33	1
613	松江县职业技术学校	33	1
614	上海市农业广播电视学校	33	1
615	松江县张泽镇成人中等文化技术学校	33	1
616	上海小昆山机动车驾驶员教考基地	33	1
617	上海申同驾驶员培训部	33	1
618	松江县新桥职工学校	33	1
619	松江县泗泾成人中等文化技术学校	33	1
620	松江县天马山镇成人中等文化技术学校	33	1
621	上海有色金属工业技校九凌分校	33	1
622	松江县大港职业技术学校	33	1
623	上海铁路局工务职工学校	33	1
624	松江成人教师进修学校	33	1
625	上海松江工业技术学校	33	1
626	松江县卫生职工学校	33	1
627	松江交通技术培训中心	33	1
628	西岑镇成人中等技术学校	34	1
629	青浦蒸淀富民成人职业中等技术学校	34	1
630	青浦县职业技术培训学校	34	1
631	青浦县朱家角镇职业技术学校	34	1
632	青浦县赵屯成人中等文化技术学校	34	1
633	青浦县曙光业余学校	34	1
634	白鹤镇成人中等文化技术学校	34	1
635	金泽成人中等文化技术学校	34	1
636	青浦县小蒸成人中等文化技术学校	34	1
637	青浦县蒸淀成人中等文化技术学校	34	1
638	青浦县沈巷成人中等文化技术学校	34	1
639	青浦县赵巷成人中等文化技术学校	34	1
640	青浦县凤溪成人中等文化技术学校	34	1
641	青浦县香花桥成人中等文化技术学校	34	1
642	华新成人中等文化技术学校	34	1
643	重固成人中等文化技术学校	34	1
644	练塘成人中等文化技术学校	34	1
645	青浦县徐泾成人中等文化技术学校	34	1
646	青浦县莲盛成人中等文化技术学校	34	1
647	青浦县大盈成人中等文化技术学校	34	1
648	青浦县职业技术学校	34	1
649	青浦县成人教师进修学校	34	1
650	青浦职业技术学校	34	1
651	青浦县教师进修学校	34	1
652	青浦农业技术学校	34	1
653	南汇县彭镇成人中等文化技术学校	35	1
654	南汇县农业技术学校	35	1
655	南汇县第一技术职业学校	35	1
656	南汇县第二职业技术学校	35	1
657	南汇县教师进修学校	35	1
658	南汇县成人教师进修学校	35	1
659	农业广播电视学校南汇县分校	35	1
660	航头镇成人中等文化技术学校	35	1
661	东海镇中等文化技术学校	35	1
662	周浦镇第二成人中等文化技术学校	35	1
663	泥城镇成人中等文化技术学校	35	1
664	坦直镇成人中等文化技术学校	35	1
665	南汇县老港镇成人中等文化技术学校	35	1
666	上海南汇工业技工学校	35	1
667	南汇新场镇成人中等文化技术学校	35	1
668	宣桥镇成人中等文化技术学校	35	1
669	上海市芦潮港联合企业总公司科技教育卫生中	35	1
670	康桥镇成人中等文化技术学校	35	1
671	南汇县六灶镇成人中等文化技术学校	35	1
672	南汇县黄路镇成人中等文化技术学校	35	1
673	南汇县新港镇成人中等文化技术学校	35	1
674	南汇县下沙镇成人中等文化技术学校	35	1
675	南汇县周浦镇第一成人中等文化技术学校	35	1
676	上海民办前进进修学院多稼分部	35	1
677	上海南汇三灶镇成人中等文化技术学校	35	1
678	奉贤县柘林镇成人中等文化技术学校	36	1
679	邬桥成人中等文化技术学校	36	1
680	奉贤县青松职业学校	36	1
681	洪庙镇成人文化中等技术学校	36	1
682	奉贤县钱桥镇技工学校	36	1
683	奉贤县塘外技工学校	36	1
684	奉贤县金汇镇成人中等文化技术学校	36	1
685	齐贤镇成人中等文化技术学校	36	1
686	庄行成人中等职业技术学校	36	1
687	胡桥镇成人中等文化技术学校	36	1
688	奉贤县奉城技校粮食局职工学校	36	1
689	奉贤县农业技术学校	36	1
690	奉贤县四团职校	36	1
691	奉贤县教师进修学校	36	1
692	上海市燎原农场中等学校	36	1
693	上海市五四农场职工学校(上海市五四农场委)	36	1
694	泰日镇成人中等专业学校	36	1
695	西渡镇成人中等文化技术学校	36	1
696	奉贤县光明乡成人中等文化技术学校	36	1
697	奉贤县供销商业职工中专学校	36	1
698	奉贤县工业局技校	36	1
699	奉贤江海镇成人中等文化技术学校	36	1
700	上海市旅游职业技术服务学校奉贤分校	36	1
701	奉贤县职工培训学校	36	1
702	青村镇成人中等文化技术学校	36	1
703	全椒县供销学校	36	1
704	上海长江职业技术学校	37	1
705	上海市红星农场职工中等学校	37	1
706	闵行区北桥镇成人中等文化技术学校	37	1
707	闵行区纪王镇成人中等文化技术学校	37	1
708	崇明县新河镇成人中等技术学校	37	1
709	合兴乡成人文化技术学校	37	1
710	新村乡成人中等文化技术学校	37	1
711	大新镇成人中等文化技术学校	37	1
712	崇明县汲浜乡成人中等文化技术学校	37	1
713	崇明县侯家镇成人中等文化技术学校	37	1
714	崇明县海桥乡成人中等文化技术学校	37	1
715	港沿镇成人中等文化技术学校	37	1
716	崇明县合作镇成人中等文化技术学校	37	1
717	陈家镇成人中等文化技术学校	37	1
718	崇明县五效乡成人中等文化技术学校	37	1
719	港西镇成人中等文化技术学校	37	1
720	崇明县建设镇中等文化技术学校	37	1
721	崇明县工业干部学校	37	1
722	崇明县粮食局职工技术学校	37	1
723	上海市新海农场职工学校	37	1
724	崇明县新业职校	37	1
725	崇明县成人教师进修学校	37	1
726	崇明县城东职业技术学校	37	1
727	崇明县教师进修学校	37	1
728	崇明县城桥地区职工业余学校	37	1
729	竖河职业技术学校	37	1
730	崇明县堡镇地区职工业余学学校	37	1
731	崇明县向化镇向化职业技术学校	37	1
732	大同镇成人中等文化技术学校	37	1
733	崇明向化成人中等文化技术学校	37	1
734	港东乡成人中等文化技术学校	37	1
735	崇明县供销职工中等专业学校	37	1
736	裕安镇成人中等文化技术学校	37	1
737	崇明县竖新镇成人中等技术文化学校	37	1
738	崇明县中华职业补习学校	37	1
739	崇明县工业技工学校	37	1
740	天津市纺织工业局干部中等专业学校分校	38	1
741	天津市礼仪职业中等专业学校	38	1
742	天津市新华职工大学附属职业学校	38	1
743	天津市房管工程技术学校	38	1
744	天津市中华职业中等专业学校	38	1
745	天津市商业经济职业中等专业学校	38	1
746	天津市和平区职工中等专业学校	38	1
747	天津市育才职业中专	38	1
748	天津市和平区教师进修学校	38	1
749	天津市经济技术开发职业中等专业学校	38	1
750	天津市电子职业学校	38	1
751	天津市旅游职业中专	38	1
752	天津市电子仪表工业总公司职工中等专业学校	38	1
753	天津市自然科学学会联合培训中心	38	1
754	天津市粮食局职工教育教学研究室	38	1
755	天津市液压机械技术学校	38	1
756	天津市劳动局汽车驾驶学校	39	1
757	天津市邮政局技工学校	39	1
758	天津市河东区职工中等专业学校	39	1
759	天津市华夏艺术中等专业学校	39	1
760	天津市滨海职业学校	39	1
761	天津市金华经济贸易学校	39	1
762	天津市财经职业中等专业学校	39	1
763	天津市立达职业中等专业学校	39	1
764	天津市河东区教师进修学校	39	1
765	天津市津交驾驶员学校	39	1
766	天津市建材制品职工中等专业学校	39	1
767	天津市新兴技术学校	39	1
768	天津市市政工程技工学校	39	1
769	天津市工程机械技工学校	39	1
770	天津市劳动局职业技校	39	1
771	天津铁厂教育委员会(技校)	39	1
772	天津市房管局实业技术学校	39	1
773	天津市第三建筑工程公司职工中等专业学校	39	1
774	天津市津华职业培训学校	40	1
775	天津职业技术师范学院附属技工学校	40	1
776	天津市睦达机动车驾驶员培训站	40	1
777	天津市卫生局技工学校	40	1
778	天津市有机化学工业公司技工学校	40	1
779	天津市轻化技术学校	40	1
780	天津市商贸服务学校	40	1
781	天津市六十八中	40	1
782	天津市河西区职工中等专业学校	40	1
783	天津市旅游职工学校	40	1
784	天津市纺织机械器材技工学校	40	1
785	天津市建筑装饰学校	40	1
786	天津市农业干部技术培训学校农业广饰电视学	40	1
787	天津市建筑工程业余大学	40	1
788	天津市市政工程局干部中等专业学校	40	1
789	天津市化工仪电技术学校	40	1
790	中国共产党员天津市第一轻工业局委员会党校	40	1
791	天津市一轻现代技术学校	40	1
792	天津市电子仪表技术学校	40	1
793	天津市电机技工学校	40	1
794	天津市机械工业管理局干部中等专业学校	40	1
795	四建技工学校	40	1
796	天津市化工建设工程公司技工学校	40	1
797	天津光电技术学校	40	1
798	天津造纸厂技工学校	40	1
799	天津广播器材公司技校	40	1
800	渤海电子技术学校	40	1
801	天津市南开区房地产管理进修学校	41	1
802	天津市轻工装饰学校	41	1
803	天津市广播音像专业技术学校	41	1
804	天津市建筑材料工业公司职工中等专业学校	41	1
805	天津针织工业公司技工学校	41	1
806	天津市三元经济技术学校	41	1
807	天津市电材技术学校	41	1
808	天津市机械厂技工学校	41	1
809	天津市服装工业公司职工中等专业学校	41	1
810	天津市城建技术学校	41	1
811	南开区教师进修学校	41	1
812	天津市誉华专业技术学校	41	1
813	天津市残疾人职业学校	41	1
814	天津市广播电视中等专业学校	41	1
815	天津市环境卫管理局职工中等专业学校	41	1
816	天津市服装技术学校	41	1
817	天津市轻工塑料学校	41	1
818	天津市工具公司技工学校	41	1
819	天津市技工学校教育教学研究室	41	1
820	天津银箭电子表业公司技工学校	41	1
821	天津市照明电器工业公司技工学校	41	1
822	天津市津华无线电厂技工学校	41	1
823	天津市化学工业公司技工学校	42	1
824	天津铁路成人中等专业学校	42	1
825	天津市河北区房产公司技工学校	42	1
826	天津市广告艺术职业中等专业学校	42	1
827	天津市职工纺织学院附属光华职业学校	42	1
828	天津市有色金属工业技术学校	42	1
829	天津市制笔文教工业公司技工学校	42	1
830	天津市汇才技术学校	42	1
831	一轻局职工中专	42	1
832	天津市电子电器技术学校	42	1
833	天津市中山涉外金融职业中等专业学校	42	1
834	天津市河北区职工中等专业学校	42	1
835	天津市河北区教师进修学校	42	1
836	天津市渤海职业中等专业学校	42	1
837	天津市自动化仪表厂技工学校	42	1
838	天津市锻压机床总厂技工学校	42	1
839	天津市轻工美术学校	43	1
840	天津市印刷装潢技术学校	43	1
841	天津市红桥区房产公司技工学校	43	1
842	天津市卫生职业中等专业学校	43	1
843	天津市育英职业中等专业学校	43	1
844	天津市北洋职业中等专业学校	43	1
845	天津市机电技工学校	43	1
846	天津市机械配件公司技工学校	43	1
847	天津市玻璃器皿厂技工学校	43	1
848	中国建筑第六工程局职工中等专业学校	44	1
849	天津市塘沽区职工中等专业学校	44	1
850	天津市塘沽区教师进修学校	44	1
851	天津海员学校	44	1
852	塘沽盐场技工学校	44	1
853	天津大沽化工厂教育中心	44	1
854	天津碱厂技工学校	44	1
855	天津港职工培训中心	44	1
856	天津市汉沽区机动车驾驶员培训中心	45	1
857	天津市汉沽区职工卫生学校	45	1
858	天津市汉沽区成人中等专业学校	45	1
859	天津市农业广播学校汉沽分校	45	1
860	天津市汉沽区教师进修学校	45	1
861	天津长芦汉沽盐场有限责任公司技工学校	45	1
862	天津大港油田机动车驾驶员培训中心	46	1
863	天津市农业广播电视学校大港区分校	46	1
864	天津市广播电视大学大港工作站	46	1
865	天津市大港第一职业中等专业学校	46	1
866	天津市大港成人中等专业学校	46	1
867	天津市大港区教师进修学校	46	1
868	中石化四建技工学校	46	1
869	天津石油化工公司技工学校	46	1
870	大港油田集团技工学校	46	1
871	天津市公用技工学校	47	1
872	天津市东丽区第三职业学校	47	1
873	天津市东丽区成人中等专业学校	47	1
874	天津市东丽区教师进修学校	47	1
875	天津市东丽区第五职业学校	47	1
876	天津市东丽区第一职业中等专业学校	47	1
877	天津市中环电工仪器仪表公司技工学校	47	1
878	飞鸽自行车集团公司(天津)技工学校	48	1
879	天津市经济技术学校	48	1
880	天津市西青区卫生干部进修学校	48	1
881	天津市西青区第二职业中等专业学校	48	1
882	天津市西青区农业机械化技术学校	48	1
883	天津市冶金工业技术学校	48	1
884	天津市交通技工学校	48	1
885	铁道部第十八工程局天津技工学校	49	1
886	天津市红光运输场	50	1
887	天津市汽车工业总公司第一技工学校	50	1
888	天津市北辰区成人中等专业学校	50	1
889	天津市北辰区教师进修学校	50	1
890	天津市北辰区职业中等专业学校	50	1
891	天津市民族职业中等专业学校	50	1
892	天津市机床技工学校	50	1
893	天津市微电机技术学校	50	1
894	天津市第二建筑工程公司技工学校	50	1
895	天津油漆总厂技工学校	50	1
896	武清县下伍旗职业中学	51	1
897	武清县成人中等专业学校	51	1
898	天津市宝坻县供销职工学校	52	1
899	宝坻县成人中等专业学校	52	1
900	宝坻县农机化技术学校	52	1
901	宝坻县工部职业高级中学	52	1
902	宝坻县第一职业中等专业学校	52	1
903	天津市宁河县粮食局职工学校	53	1
904	宁河县工业职工学校	53	1
905	天津农业广播学校	53	1
906	天津市宁河县分校	53	1
907	宁河县第二职业学校	53	1
908	宁河县第一职业学校	53	1
909	宁河县农机化技术学校	53	1
910	天津市静海县职业中专	54	1
911	天津市静海县成人中等专业学校	54	1
912	天津市静海县农机化技术学校	54	1
913	天津市蓟县粮食局职工学校	55	1
914	蓟县供销合作社职工学校	55	1
915	蓟县成人中等专业学校	55	1
916	蓟县教师进修学校	55	1
917	蓟县第二职业技术学校	55	1
918	天津市农业广播电视学校蓟县分校	55	1
919	万县市天城区农机机械技术学校	56	1
920	万县市天城区商业职工学校	56	1
921	万县技工学校	56	1
922	万县市天城区教师进修学校	56	1
923	万县市天城区职业高级中学	56	1
924	万县市旅游职业高级中学	56	1
925	万县市乡镇企业干部学校	56	1
926	万县市成人中等专业学校	56	1
927	万县市轻化工职业高级中学	56	1
928	万县市财贸职业高级中学	56	1
929	万县市电子科技学校	56	1
930	万县水利电力技工学校	56	1
931	万县市工交职工中专学校	56	1
932	万县市龙宝区教师进修学校	56	1
933	万县市供销社职工中专学校	56	1
934	万县市二轻工业学校	56	1
935	万县市第一职业高级中学	56	1
936	万县市建筑职业高级中学	56	1
937	万县市粮食职工中等专业学校	56	1
938	万县市五桥区走马职业中学	56	1
939	万县市五桥区乡镇企业职工学校	56	1
940	涪陵市李渡区增福乡初级职业中学校	57	1
941	涪陵市枳城区农业机械技术学校	57	1
942	涪陵市第二职业学校	57	1
943	涪陵市枳城区教师进修校	57	1
944	四川省涪陵地区技工学校	57	1
945	涪陵市就业训练中心	57	1
946	涪陵市枳城区卫生进修校	57	1
947	涪陵市供销干部学校	57	1
948	涪陵市水电技校	57	1
949	四川省涪陵交通技校	57	1
950	涪陵市枳城区职工校	57	1
951	涪陵市卫生干部进修学校	57	1
952	涪陵市第三职业中学校	57	1
953	涪陵市李渡区新妙镇农校	57	1
954	涪陵市第一职业中学校	57	1
955	涪陵市枳城区山窝乡农校	57	1
956	涪陵市枳城区清溪农广校	57	1
957	四川省重庆市红岩职业高级中学	58	1
958	重庆私立立本职业学校	58	1
959	重庆五一技工学校	58	1
960	重庆新蜀职业技术学校	58	1
961	重庆渝中大文职业学校	58	1
962	重庆市园林技工学校	58	1
963	四川省重庆市浮图关职业中学校	58	1
964	重庆市房管局职工学校	58	1
965	重庆眼镜专业技工培训学校	58	1
966	重庆嘉陵职业学校	58	1
967	四川省重庆市计算机职业高级中学	58	1
968	重庆渝中红星艺术学校	58	1
969	重庆市第一商业局职工中等专业学校	58	1
970	重庆民治职业技术培训学校	58	1
971	四川省重庆市鹅岭职业中学	58	1
972	重庆实业技术学校	58	1
973	重庆物资中等专业学校	58	1
974	重庆市中华会计函授学校	58	1
975	中央农业广播电视学校重庆市分校	58	1
976	重庆市渝中区教师进修学校	58	1
977	四川省重庆市解放碑职业高级中学校	58	1
978	重庆私立务实业余文化学校	58	1
979	四川省重庆市财经职业高级中学	58	1
980	重庆市旅游职业高级中学校	58	1
981	重庆燕京职业学校	58	1
982	重庆广宇学校	58	1
983	四川省重庆市经贸职业高级中学校	58	1
984	重庆建兴财经学校	58	1
985	重庆惠普学校	58	1
986	重庆市机械职工中专学校	58	1
987	重庆气体压缩机厂技工校	58	1
988	长江航道局重庆工程局培训学校	58	1
989	重庆储才学校	58	1
990	中央农业广播电视学校重庆市渝北区分校	58	1
991	重庆市烟草技工学校	58	1
992	重庆市邮政技工学校	58	1
993	重庆铁路运输技工学校	58	1
994	重庆重型铸锻厂技工校	59	1
995	重庆市庹家坳职业中学	59	1
996	重庆立人职业技术学校	59	1
997	重庆市兴渝职业中等专业学校	59	1
998	重庆市旅游学校	59	1
999	重庆市大渡口区新星电脑技术学校	59	1
1000	重庆中华职业学校	59	1
1001	重庆市大渡口区教师进修学校	59	1
1002	重庆科华职业学校	59	1
1003	重庆钢铁(集团)公司技术工人学校	59	1
1004	重庆市旅游学校建胜分校	59	1
1005	重庆市鱼嘴职业高级中学	60	1
1006	重庆市五里店职业中学	60	1
1007	重庆市化工技工学校	60	1
1008	重庆公用事业技工学校	60	1
1009	重庆公共交通客车驾驶学校	60	1
1010	重庆公用事业职业中专学校	60	1
1011	重庆市江北区商业技工学校	60	1
1012	重庆市城市建设技工学校	60	1
1013	重庆包装培训中心(重庆包装技工学校)	60	1
1014	重庆计划生育职工中等专业学校	60	1
1015	重庆市华新职业中学	60	1
1016	重庆市寸滩职业中学	60	1
1017	重庆市大石坝职业中学	60	1
1018	国营前卫厂技工学校	60	1
1019	重庆市女子职业高级中学	60	1
1020	重庆市江北区教师进修学校	60	1
1021	重庆市江北区职工学校	60	1
1022	重庆天原化工总厂技术	60	1
1023	重庆通用机器厂技工学校	60	1
1024	重庆市江北区自学指导站	60	1
1025	中央广播学校重庆市江北区分校	60	1
1026	四川省重庆市虎溪职业中学	61	1
1027	重庆市沙坪坝区卫生人员培训学校	61	1
1028	四川省重庆市汽车驾驶修理学校	61	1
1029	重庆煤田地质技校	61	1
1030	重庆煤矿技工学校	61	1
1031	四川省重庆立信职业中学	61	1
1032	重庆市沙坪坝区商业职工学校	61	1
1033	四川省重庆市童家桥职业中学	61	1
1034	重庆市沙坪坝区教师进修学校	61	1
1035	重庆市沙坪坝区职工联合学校	61	1
1036	重庆电缆厂技校	61	1
1037	重庆市科技职工中等专业学校	61	1
1038	四川省重庆市小龙坎职业中学	61	1
1039	重庆市沙坪坝区汽车驾驶学校	61	1
1040	重庆锅炉总厂技工学校	61	1
1041	重庆特殊钢厂技工校	61	1
1042	重庆康明斯发动机有限公司职工技校	61	1
1043	重庆沙坪坝建华科技学校	61	1
1044	国营望江机器制造厂技工学校	61	1
1045	重庆市汽车驾驶培训学校第七分校	61	1
1046	重庆市农业学校	62	1
1047	重庆市九龙坡区教师进修学校	62	1
1048	四川省重庆市白市驿职业中学	62	1
1049	重庆建筑技工学校	62	1
1050	重庆环宇经济技术学校	62	1
1051	重庆市橡胶技工学校	62	1
1052	中梁山矿务局技工学校	62	1
1053	重庆起重机厂子弟校	62	1
1054	四川省重庆市中梁山职业中学	62	1
1055	重庆市冶金技工学校	62	1
1056	重庆市纺织技工学校	62	1
1057	四川省重庆市石新路职业中学	62	1
1058	四川省重庆市工艺美术职业高级中学	62	1
1059	四川美术学院函授部	62	1
1060	重庆九龙坡中山职业学校	62	1
1061	中国第十八冶金建设公司技工学校	62	1
1062	重庆市九龙坡区卫生进修学校	62	1
1063	四川省重庆市计算机高级职业技术学校	62	1
1064	重庆富华职业学校	62	1
1065	重庆史迪威外语学校	62	1
1066	四川省重庆市鹤皋岩职业中学	62	1
1067	四川省重庆市杨家坪职业中学	62	1
1068	西郊职业技术学校	62	1
1069	重庆市九龙坡区职工学校	62	1
1070	重庆杨家坪财经职业学校	62	1
1071	重庆杨家坪储才学校	62	1
1072	重庆育才文化职业学校	62	1
1073	西南有色高级技术学校	62	1
1074	建设工业(集团)有限责任公司技工学校	62	1
1075	西南车辆制造厂技工学校	62	1
1076	重庆前卫汽车驾驶培训学校中梁山训练部	62	1
1077	重庆市白沙沱职业中学	63	1
1078	重庆市窍角沱职业中学校	63	1
1079	重庆市饮食服务技工学校	63	1
1080	重庆航运技工学校	63	1
1081	重庆市南岸区龙门浩集团职业高级中学	63	1
1082	重庆市南岸教师进修学校	63	1
1083	重庆交通职工中等专业学校	63	1
1084	重庆市交通运输技工学校	63	1
1085	国营重庆造船技工学校	63	1
1086	重庆长江电工厂技工学校	63	1
1087	重庆市龙门浩集团职业高级中学	63	1
1088	中国工商银行重庆市分行干部学校	63	1
1089	重庆市北碚电子职业中学校	64	1
1090	重庆市梅花山职业中学校	64	1
1091	重庆市勉仁职业中学校	64	1
1092	天府矿务局技工学校	64	1
1093	重庆市磨滩职业中学	64	1
1094	重庆市工会干部学校	64	1
1095	重庆硅酸盐技工学校	64	1
1096	重庆市朝阳职业中学	64	1
1097	重庆市北碚区农业机械化学校	64	1
1098	重庆市北碚区教师进修学校	64	1
1099	四川仪表技工学校	64	1
1100	红岩机器厂技工学校	64	1
1101	重庆市万盛区职业中学	65	1
1102	万盛区教师进修学校	65	1
1103	南桐矿务局技工校	65	1
1104	重庆市渝北区兴隆职业中学	67	1
1105	重庆市渝北区统景职业中学	67	1
1106	重庆建材技工学校	67	1
1107	重庆市渝北区龙溪镇职业中学	67	1
1108	重庆市轻工业技工学校	67	1
1109	重庆一商技校渝北区分校	67	1
1110	重庆市渝北区教师进修学校	67	1
1111	重庆市渝北区乡镇企业电教函授辅导站	67	1
1112	重庆市渝北区职业技术教育中心	67	1
1113	重庆市渝北区乡镇企业科技培训中心	67	1
1114	四川省重庆市木洞职业中学	68	1
1115	四川省重庆市巴南区成人中等专业学校	68	1
1116	重庆市巴南区工业技工学校	68	1
1117	四川重庆市巴南区教师进修学校	68	1
1118	重庆育才技术学校	68	1
1119	重庆市巴南区财贸技工学校	68	1
1120	四川省重庆市道角职业中学	68	1
1121	重庆工商行政管理职工中等专业学校	68	1
1122	重庆万里蓄电池股份有限公司技工学校	68	1
1123	四川省重庆市蓉泉职业高级中学	68	1
1124	重庆市巴南区花溪职业中学校	68	1
1125	重庆机械技工学校重庆长江机床厂	68	1
1126	中央农业广播电视学校重庆市巴南区分校	68	1
1127	重庆轻工业机械厂技工学校	68	1
1128	黔江县教师进修学校	69	1
1129	黔江县太极职业中学校	69	1
1130	黔江县民族职业中学校	69	1
1131	黔江地区工业学校	69	1
1132	黔江县卫生进修学校	69	1
1133	黔江地区农业学校	69	1
1134	长寿县农业机械技术学校	70	1
1135	长寿县云集职业中学校	70	1
1136	长寿县卫生职工中等专业学校	70	1
1137	四川省长寿县东新职业中学	70	1
1138	长寿县教师进修学校	70	1
1139	中国石化四川维尼纶厂技工学校	70	1
1140	长寿化工总厂技工学校	70	1
1141	四川省江津市江洲职业高级中学校	71	1
1142	四川省江津市江南职业高级中学校	71	1
1143	江津市贾嗣镇农业广播学校	71	1
1144	江津市贾嗣镇农业广播学校	71	1
1145	江津市津兴职业中学校	71	1
1146	江津市工商职业高级中学	71	1
1147	江津市财贸技工学校	71	1
1148	江津市卫生进修学校	71	1
1149	四川省江津市教师进修学校	71	1
1150	江津市商业职工学校	71	1
1151	重庆双江技工学校	71	1
1152	万县市天城区余家镇农中	71	1
1153	万县市天城区供销合作社联合社职工学校	71	1
1154	四川省农业广播电视学校龙宝区分校	71	1
1155	合川市育才学校	72	1
1156	合川市渝南职业中学	72	1
1157	合川市行知职业中学	72	1
1158	合川市嘉陵职业中学	72	1
1159	重庆市工业技师学院	73	1
1160	永川市松既职中	73	1
1161	重庆市粮食职工中专校	73	1
1162	重庆市第一商业局技工学校	73	1
1163	重庆市工业技工学校	73	1
1164	重庆市供销社职工中专学校	73	1
1165	重庆市对外经济贸易职工中等专业学校	73	1
1166	永川市民进学校	73	1
1167	永川市实用外语学校	73	1
1168	永川市劳动职业教育中心	73	1
1169	永川市自立学校	73	1
1170	永川市农机培训校	73	1
1171	永川教师进修校	73	1
1172	永川船舶工业技工学校	73	1
1173	国营重庆液压元件厂技工校	73	1
1174	南川市卫生学校	74	1
1175	南川市农业机械培训学校	74	1
1176	南川市隆化职业中学校	74	1
1177	南川市劳动职业技校	74	1
1178	南川市大有职业中学校	74	1
1179	綦江新华计算机学校	75	1
1180	綦江县职高崇州市职业中专学校	75	1
1181	松藻矿务局技工学校	75	1
1182	綦江县东溪职业中学	75	1
1183	綦江县职业高级中学	75	1
1184	綦江县财贸技工学校	75	1
1185	綦江县古南镇职业中学	75	1
1186	綦江县教师进修校	75	1
1187	綦江县篆塘镇成人文化技术学校	75	1
1188	綦江齿轮厂技工学校	75	1
1189	潼南县太安镇职业中学	76	1
1190	潼南县安公职业中学校	76	1
1191	潼南县恩威职业中学校	76	1
1192	潼南县大佛职业中学校	76	1
1193	铜梁县蒲吕职业高级中学	77	1
1194	铜梁县平滩职业高级中学	77	1
1195	铜梁县白羊镇成人文化技术学校	77	1
1196	铜梁县安居职业高级中学	77	1
1197	铜梁县职业高级中学校	77	1
1198	铜梁县教师进修学校	77	1
1199	大足县城南乡文化技术学校	78	1
1200	大足县铁山职业中学	78	1
1201	大足县职业高级中学	78	1
1202	大足县中敖镇文化技术学校	78	1
1203	大足县职业技术教育中心	78	1
1204	大足县农业机械化学校	78	1
1205	大足县教师进修学校	78	1
1206	中央农业广播电视学校大足县分校	78	1
1207	四川省汽车运输永川技工学校	78	1
1208	荣昌县吴家镇职业中学	79	1
1209	荣昌县峰高镇职业中学	79	1
1210	荣昌县职业高级学校	79	1
1211	四川省荣昌机械技工学校	79	1
1212	永荣矿务局技工学校	79	1
1213	重庆璧山九天计算机学校	80	1
1214	璧山县新民职业中学	80	1
1215	四川省璧山县璧城职业中学	80	1
1216	四川省璧山县教师进修学校	80	1
1217	中央农业广播电视学校璧山县分校	80	1
1218	重庆青山机械厂技工学校	80	1
1219	四川省梁平县仁贤职业中学	81	1
1220	梁平县新盛镇职业高级中学	81	1
1221	梁平县曲水乡农民文化技术学校	81	1
1222	四川省梁平县成人中等专业学校	81	1
1223	梁平县梁山职业高级中学	81	1
1224	梁平县技工学校	81	1
1225	四川省梁平县教师进修学校	81	1
1226	梁平县卫生进修学校	81	1
1227	城口县坪坝职业高级中学	82	1
1228	明通职业中学	82	1
1229	四川省农业广播电视学校城口分校	82	1
1230	城口县技工学校	82	1
1231	四川省丰都县双路职业中学校	83	1
1232	四川省丰都县名山职业中学校	83	1
1233	丰都县教师进修学校	83	1
1234	丰都县卫生进修学校	83	1
1235	丰都县武平镇成人教育学校	83	1
1236	丰都县职工联合学校	83	1
1237	丰都县粮食职工学校	83	1
1238	四川省农业广播电视技术学校丰都分校	83	1
1239	丰都县包鸾镇农业文化技术学校	83	1
1240	中华会计函授学校丰都函授站	83	1
1241	垫江县卫生干部进修学校	84	1
1242	垫江县沈家镇初级职业中学校	84	1
1243	四川省垫江县第二职业中学校	84	1
1244	四川省垫江县第一职业中学校	84	1
1245	垫江县教师进修学校	84	1
1246	四川省垫江县职业中学校	84	1
1247	汪家乡成人技术学校	84	1
1248	涪陵市枳城区江东街道办事处农民教育学校	84	1
1249	沈家镇农业技术学校	84	1
1250	沙坪镇农业技术学校	84	1
1251	垫江县武安农业技术学校	84	1
1252	新民镇成人技术学校	84	1
1253	武隆县火炉职业中学校	85	1
1254	武隆县平桥职业中学校	85	1
1255	武隆县广播电视大学工作站	85	1
1256	武隆县教师进修学校	85	1
1257	武隆县师范学校	85	1
1258	忠县商业职工学校	86	1
1259	忠县农业机械化技术学校	86	1
1260	四川省忠县供销学校	86	1
1261	四川省忠县粮食学校	86	1
1262	忠县卫生进修学校	86	1
1263	忠县新生职业高级中学校	86	1
1264	忠县白石职业中学校	86	1
1265	忠县马灌职业中学	86	1
1266	忠县西山职业高级中学	86	1
1267	四川省忠县教师进修学校	86	1
1268	忠县技工学校	86	1
1269	开县正坝镇高级职业中学	87	1
1270	开县明星职业中学	87	1
1271	开县农业广播电视学校	87	1
1272	开县技工学校	87	1
1273	开县汉丰职业高级中学	87	1
1274	开县天白职业中学	87	1
1275	开县教师进修学校	87	1
1276	开县百里初级职业中学	87	1
1277	四川省开县华承高级职业中学	87	1
1278	开县丰乐镇成人学校	87	1
1279	云阳县龙角职业高级中学	88	1
1280	云阳县云硐职业高级中学	88	1
1281	云阳县一一九职业高级中学	88	1
1282	四川省云阳县成人中等专业学校	88	1
1283	云阳县教师进修学校	88	1
1284	云阳县卫生进修学校	88	1
1285	云阳县农业机械技术学校	88	1
1286	云阳县供销社职工学校	88	1
1287	云阳县咸池职业初级中学	88	1
1288	云阳县黄石镇职业初级中学	88	1
1289	云阳县技工学校	88	1
1290	四川省云阳县成人教育局农业广播学校	88	1
1291	奉节县东盛职业培训学校	89	1
1292	四川省农业广播电视学校奉节县分校	89	1
1293	奉节县江南乡成人学校	89	1
1294	奉节县平皋职业高级中学	89	1
1295	奉节县太和初级职业中学	89	1
1296	奉节县石马职业中学	89	1
1297	奉节县粮食职工学校	89	1
1298	奉节县高治乡职业高级中学	89	1
1299	奉节县教师进修学校	89	1
1300	奉节县袁梁职业中学	89	1
1301	奉节县兴隆初级职业中学	89	1
1302	奉节县供销社联合社职工学校	89	1
1303	巫山县农业技术学校	89	1
1304	巫山县技工学校	90	1
1305	巫山县商业职工学校	90	1
1306	巫山县卫生进修学校	90	1
1307	巫山县福田职业高级中学	90	1
1308	巫山县教师进修学校	90	1
1309	巫山县西坪职业高级中学	90	1
1310	巫山县粮食职工学校	90	1
1311	巫溪县技工学校	91	1
1312	巫溪县农民技术学校	91	1
1313	巫溪县凤凰职业中学	91	1
1314	巫溪县城厢职业高级中学校	91	1
1315	巫溪县教师进修学校	91	1
1316	巫溪县文峰职业中学	91	1
1317	巫溪县农机校	91	1
1318	石柱土家族自治县第二职业中中学校	92	1
1319	石柱土家族自治县第三职业中学校	92	1
1320	石柱土家族自治县一职中	92	1
1321	四川省秀山县官庄职业中学校	93	1
1322	四川省秀山县民族职业中学校	93	1
1323	秀山县宋农职业中学校	93	1
1324	秀山县教师培训中心	93	1
1325	酉阳县教仪站	94	1
1326	酉阳县天馆职业中学校	94	1
1327	酉阳县板溪职业中学校	94	1
1328	酉阳县教师进修学校	94	1
1329	酉阳县民族职业中学校	94	1
1330	酉阳县卫生进修校	94	1
1331	彭水县卫生学校	95	1
1332	彭水县黄家区职业中学校	95	1
1333	彭水县郁山区职业中学校	95	1
1334	彭水县成人中等学校	95	1
